# # kcenter, rmin, rmax
1.013235484459280552e-04 4.600977000000009198e+00 1.286003570000000025e+02
1.040234306090801213e-04 4.600977000000009198e+00 1.286003570000000025e+02
1.067952542291462898e-04 4.600977000000009198e+00 1.286003570000000025e+02
1.096409362687605330e-04 5.000975000000019932e+00 1.286003570000000025e+02
1.125624447702249333e-04 5.000975000000019932e+00 1.286003570000000025e+02
1.155618002165859743e-04 5.000975000000019932e+00 1.286003570000000025e+02
1.186410769289783019e-04 5.400973000000030666e+00 1.286003570000000025e+02
1.218024045012024414e-04 5.400973000000030666e+00 1.286003570000000025e+02
1.250479692725282442e-04 5.400973000000030666e+00 1.286003570000000025e+02
1.283800158397430786e-04 5.800971000000012978e+00 1.286003570000000025e+02
1.318008486094903277e-04 5.800971000000012978e+00 1.286003570000000025e+02
1.353128333919712456e-04 5.800971000000012978e+00 1.286003570000000025e+02
1.389183990371135739e-04 6.200969000000023712e+00 1.286003570000000025e+02
1.426200391143370540e-04 6.200969000000023712e+00 1.286003570000000025e+02
1.464203136370787893e-04 6.200969000000023712e+00 1.286003570000000025e+02
1.503218508332701032e-04 6.600967000000006024e+00 1.286003570000000025e+02
1.543273489629899350e-04 6.600967000000006024e+00 1.286003570000000025e+02
1.584395781845521754e-04 6.600967000000006024e+00 1.286003570000000025e+02
1.626613824703159231e-04 7.000965000000016758e+00 1.286003570000000025e+02
1.669956815735458349e-04 7.000965000000016758e+00 1.286003570000000025e+02
1.714454730476812903e-04 7.400963000000027492e+00 1.286003570000000025e+02
1.760138343194109591e-04 7.400963000000027492e+00 1.286003570000000025e+02
1.807039248169874709e-04 7.800961000000009804e+00 1.286003570000000025e+02
1.855189881552528764e-04 7.800961000000009804e+00 1.286003570000000025e+02
1.904623543788872583e-04 7.800961000000009804e+00 1.286003570000000025e+02
1.955374422654304904e-04 8.200959000000020538e+00 1.286003570000000025e+02
2.007477616896711961e-04 8.200959000000020538e+00 1.286003570000000025e+02
2.060969160510375017e-04 8.600957000000002850e+00 1.286003570000000025e+02
2.115886047656682293e-04 8.600957000000002850e+00 1.286003570000000025e+02
2.172266258248884362e-04 9.000955000000013584e+00 1.286003570000000025e+02
2.230148784218580693e-04 9.000955000000013584e+00 1.286003570000000025e+02
2.289573656482112095e-04 9.400953000000024318e+00 1.286003570000000025e+02
2.350581972625497582e-04 9.400953000000024318e+00 1.286003570000000025e+02
2.413215925327076214e-04 9.800951000000006630e+00 1.286003570000000025e+02
2.477518831537492351e-04 9.800951000000006630e+00 1.286003570000000025e+02
2.543535162437224350e-04 1.020094900000001736e+01 1.286003570000000025e+02
2.611310574192361451e-04 1.020094900000001736e+01 1.286003570000000025e+02
2.680891939529904421e-04 1.060094700000002810e+01 1.282003589999999917e+02
2.752327380154425784e-04 1.100094500000001041e+01 1.282003589999999917e+02
2.825666300028512024e-04 1.100094500000001041e+01 1.282003589999999917e+02
2.900959419539995889e-04 1.140094300000002114e+01 1.282003589999999917e+02
2.978258810579617654e-04 1.140094300000002114e+01 1.282003589999999917e+02
3.057617932553375445e-04 1.180094100000000346e+01 1.282003589999999917e+02
3.139091669354453044e-04 1.220093900000001419e+01 1.282003589999999917e+02
3.222736367320317742e-04 1.220093900000001419e+01 1.282003589999999917e+02
3.308609874201227583e-04 1.260093700000002492e+01 1.282003589999999917e+02
3.396771579167093117e-04 1.260093700000002492e+01 1.282003589999999917e+02
3.487282453880380406e-04 1.300093500000000724e+01 1.282003589999999917e+02
3.580205094663430998e-04 1.340093300000001797e+01 1.282003589999999917e+02
3.675603765789386707e-04 1.340093300000001797e+01 1.282003589999999917e+02
3.773544443926661043e-04 1.380093100000002870e+01 1.282003589999999917e+02
3.874094863767673291e-04 1.380093100000002870e+01 1.282003589999999917e+02
3.977324564873405285e-04 1.420092900000001102e+01 1.282003589999999917e+02
4.083304939766205558e-04 1.460092700000002175e+01 1.278003610000000094e+02
4.192109283304063004e-04 1.460092700000002175e+01 1.278003610000000094e+02
4.303812843370523008e-04 1.500092500000000406e+01 1.278003610000000094e+02
4.418492872915302100e-04 1.540092300000001480e+01 1.278003610000000094e+02
4.536228683381562498e-04 1.540092300000001480e+01 1.278003610000000094e+02
4.657101699556835173e-04 1.580092100000002553e+01 1.278003610000000094e+02
4.781195515885508160e-04 1.620091900000000606e+01 1.278003610000000094e+02
4.908595954281827359e-04 1.620091900000000606e+01 1.274003630000000129e+02
5.039391123483370283e-04 1.660091700000001680e+01 1.274003630000000129e+02
5.173671479986088331e-04 1.700091500000002753e+01 1.274003630000000129e+02
5.311529890603016628e-04 1.700091500000002753e+01 1.274003630000000129e+02
5.453061696689937661e-04 1.740091300000000984e+01 1.270003650000000164e+02
5.598364780082420089e-04 1.780091100000002058e+01 1.270003650000000164e+02
5.747539630789799594e-04 1.780091100000002058e+01 1.270003650000000164e+02
5.900689416492971816e-04 1.820090900000000289e+01 1.266003670000000056e+02
6.057920053894023200e-04 1.860090700000001362e+01 1.266003670000000056e+02
6.219340281967042881e-04 1.860090700000001362e+01 1.266003670000000056e+02
6.385061737160816148e-04 1.900090500000002436e+01 1.262003690000000091e+02
6.555199030605342531e-04 1.940090300000000667e+01 1.262003690000000091e+02
6.729869827375629682e-04 1.940090300000000667e+01 1.258003710000000126e+02
6.909194927867573803e-04 1.980090100000001740e+01 1.258003710000000126e+02
7.093298351342179359e-04 1.980090100000001740e+01 1.254003730000000161e+02
7.282307421695896317e-04 2.020089900000002814e+01 1.254003730000000161e+02
7.476352855516437117e-04 2.060089700000001045e+01 1.250003750000000053e+02
7.675568852484918828e-04 2.060089700000001045e+01 1.246003770000000088e+02
7.880093188186882433e-04 2.100089500000002118e+01 1.246003770000000088e+02
8.090067309396381610e-04 2.100089500000002118e+01 1.242003790000000123e+02
8.305636431898991102e-04 2.140089300000000350e+01 1.238003810000000158e+02
8.526949640921440950e-04 2.140089300000000350e+01 1.234003830000000193e+02
8.754159994237333811e-04 2.180089100000001423e+01 1.230003850000000085e+02
8.987424628020208904e-04 2.180089100000001423e+01 1.230003850000000085e+02
9.226904865517165499e-04 2.220088900000002496e+01 1.226003870000000120e+02
9.472766328618262462e-04 2.220088900000002496e+01 1.222003890000000155e+02
9.725179052398780655e-04 2.260088700000000728e+01 1.218003910000000189e+02
9.984317602713599013e-04 2.260088700000000728e+01 1.214003930000000082e+02
1.025036119692503958e-03 2.300088500000001801e+01 1.210003950000000117e+02
1.052349382784758701e-03 2.300088500000001801e+01 1.206003970000000152e+02
1.080390439099529172e-03 2.300088500000001801e+01 1.198004010000000079e+02
1.109178681521984407e-03 2.340088300000000032e+01 1.194004030000000114e+02
1.138734019682962912e-03 2.340088300000000032e+01 1.190004050000000149e+02
1.169076893728251357e-03 2.340088300000000032e+01 1.186004070000000183e+02
1.200228288454765514e-03 2.340088300000000032e+01 1.178004110000000111e+02
1.232209747823402547e-03 2.380088100000001106e+01 1.174004130000000146e+02
1.265043389858608270e-03 2.380088100000001106e+01 1.170004150000000180e+02
1.298751921944961028e-03 2.380088100000001106e+01 1.162004190000000108e+02
1.333358656531343812e-03 2.380088100000001106e+01 1.158004210000000143e+02
1.368887527253577659e-03 2.380088100000001106e+01 1.150004250000000070e+02
1.405363105486662342e-03 2.380088100000001106e+01 1.146004270000000105e+02
1.442810617338067918e-03 2.380088100000001106e+01 1.138004310000000174e+02
1.481255961093831588e-03 2.380088100000001106e+01 1.134004330000000067e+02
1.520725725129525550e-03 2.380088100000001106e+01 1.126004370000000137e+02
1.561247206298483703e-03 2.380088100000001106e+01 1.118004410000000064e+02
1.602848428810007284e-03 2.380088100000001106e+01 1.110004450000000134e+02
1.645558163610598467e-03 2.380088100000001106e+01 1.998000009999999804e+02
1.689405948281626560e-03 2.380088100000001106e+01 1.998000009999999804e+02
1.734422107467195086e-03 2.380088100000001106e+01 1.998000009999999804e+02
1.780637773846331694e-03 2.340088300000000032e+01 1.978000109999999836e+02
1.828084909664003414e-03 2.340088300000000032e+01 1.930000349999999969e+02
1.876796328835857869e-03 2.340088300000000032e+01 1.886000569999999925e+02
1.926805719641958839e-03 2.340088300000000032e+01 1.842000789999999881e+02
1.978147668025229729e-03 2.300088500000001801e+01 1.798001009999999837e+02
2.030857681510714677e-03 2.300088500000001801e+01 1.758001209999999901e+02
2.084972213762190281e-03 2.300088500000001801e+01 1.714001429999999857e+02
2.140528689793112869e-03 2.260088700000000728e+01 1.674001629999999921e+02
2.197565531849348264e-03 2.260088700000000728e+01 1.634001829999999984e+02
2.256122185981571885e-03 2.220088900000002496e+01 1.598002009999999871e+02
2.316239149325723112e-03 2.220088900000002496e+01 1.558002209999999934e+02
2.377957998110379490e-03 2.180089100000001423e+01 1.518002409999999998e+02
2.441321416410413732e-03 2.180089100000001423e+01 1.478002610000000061e+02
2.506373225666828214e-03 2.140089300000000350e+01 1.438002809999999840e+02
2.573158414993185518e-03 2.100089500000002118e+01 1.394003030000000081e+02
2.641723172289580941e-03 2.100089500000002118e+01 1.342003290000000106e+02
2.712114916185683587e-03 2.060089700000001045e+01 1.274003630000000129e+02
2.784382328834937321e-03 2.060089700000001045e+01 1.238003810000000158e+02
2.858575389582597871e-03 2.020089900000002814e+01 1.998000009999999804e+02
2.934745409530902568e-03 1.980090100000001740e+01 1.990000049999999874e+02
3.012945067025263757e-03 1.980090100000001740e+01 1.934000329999999792e+02
3.093228444086024414e-03 1.940090300000000667e+01 1.882000589999999818e+02
3.175651063810985830e-03 1.900090500000002436e+01 1.834000829999999951e+02
3.260269928774578614e-03 1.900090500000002436e+01 1.782001089999999976e+02
3.347143560450207850e-03 1.860090700000001362e+01 1.730001350000000002e+02
3.436332039683062667e-03 1.820090900000000289e+01 1.682001589999999851e+02
3.527897048241360016e-03 1.820090900000000289e+01 1.634001829999999984e+02
3.621901911474773982e-03 1.780091100000002058e+01 1.590002049999999940e+02
3.718411642109557391e-03 1.740091300000000984e+01 1.542002289999999789e+02
3.817492985210624041e-03 1.740091300000000984e+01 1.498002510000000029e+02
3.919214464341692558e-03 1.700091500000002753e+01 1.454002729999999985e+02
4.023646428955432452e-03 1.700091500000002753e+01 1.998000009999999804e+02
4.130861103046367007e-03 1.660091700000001680e+01 1.946000269999999830e+02
4.240932635100193131e-03 1.620091900000000606e+01 1.894000529999999856e+02
4.353937149374057826e-03 1.620091900000000606e+01 1.846000769999999989e+02
4.469952798543249881e-03 1.580092100000002553e+01 1.798001009999999837e+02
4.589059817750724274e-03 1.580092100000002553e+01 1.754001230000000078e+02
4.711340580096851256e-03 1.540092300000001480e+01 1.710001450000000034e+02
4.836879653607744842e-03 1.540092300000001480e+01 1.666001669999999990e+02
4.965763859721565414e-03 1.500092500000000406e+01 1.626001870000000054e+02
5.098082333333276220e-03 1.500092500000000406e+01 1.586002070000000117e+02
5.233926584439350937e-03 1.460092700000002175e+01 1.990000049999999874e+02
5.373390561425076158e-03 1.460092700000002175e+01 1.938000309999999899e+02
5.516570716038228864e-03 1.420092900000001102e+01 1.890000550000000032e+02
5.663566070094026156e-03 1.420092900000001102e+01 1.846000769999999989e+02
5.814478283957521219e-03 1.380093100000002870e+01 1.798001009999999837e+02
5.969411726850800022e-03 1.380093100000002870e+01 1.754001230000000078e+02
6.128473549033583954e-03 1.340093300000001797e+01 1.710001450000000034e+02
6.291773755907162022e-03 1.340093300000001797e+01 1.998000009999999804e+02
6.459425284092908462e-03 1.300093500000000724e+01 1.958000209999999868e+02
6.631544079538003421e-03 1.300093500000000724e+01 1.910000450000000001e+02
6.808249177702383782e-03 1.260093700000002492e+01 1.858000710000000026e+02
6.989662785882349433e-03 1.260093700000002492e+01 1.806000970000000052e+02
7.175910367727774200e-03 1.220093900000001419e+01 1.758001209999999901e+02
7.367120730011378175e-03 1.220093900000001419e+01 1.710001450000000034e+02
7.563426111710082854e-03 1.180094100000000346e+01 1.998000009999999804e+02
7.764962275460030039e-03 1.180094100000000346e+01 1.942000290000000007e+02
7.971868601448514266e-03 1.140094300000002114e+01 1.894000529999999856e+02
8.184288183807784597e-03 1.140094300000002114e+01 1.846000769999999989e+02
8.402367929577356925e-03 1.100094500000001041e+01 1.798001009999999837e+02
8.626258660303318462e-03 1.100094500000001041e+01 1.982000089999999943e+02
8.856115216344856433e-03 1.060094700000002810e+01 1.930000349999999969e+02
9.092096563960106945e-03 1.060094700000002810e+01 1.882000589999999818e+02
9.334365905245485193e-03 1.020094900000001736e+01 1.834000829999999951e+02
9.583090791004455350e-03 1.020094900000001736e+01 1.786001069999999800e+02
9.838443236623813093e-03 9.800951000000006630e+00 1.738001309999999933e+02
1.010059984103764408e-02 9.800951000000006630e+00 1.970000149999999906e+02
1.036974190886116864e-02 9.400953000000024318e+00 1.926000369999999862e+02
1.064605557577903705e-02 9.400953000000024318e+00 1.878000609999999995e+02
1.092973193727470906e-02 9.000955000000013584e+00 1.970000149999999906e+02
1.122096718078998204e-02 9.000955000000013584e+00 1.918000409999999931e+02
1.151996272140605980e-02 8.600957000000002850e+00 1.866000669999999957e+02
1.182692534114000195e-02 8.600957000000002850e+00 1.814000929999999983e+02
1.214206733195288129e-02 8.600957000000002850e+00 1.766001169999999831e+02
1.246560664256856320e-02 8.200959000000020538e+00 1.998000009999999804e+02
1.279776702920466108e-02 8.200959000000020538e+00 1.998000009999999804e+02
1.313877821031982258e-02 7.800961000000009804e+00 1.970000149999999906e+02
1.348887602548451761e-02 7.800961000000009804e+00 1.918000409999999931e+02
1.384830259848506689e-02 7.400963000000027492e+00 1.866000669999999957e+02
1.421730650477379121e-02 7.400963000000027492e+00 1.814000929999999983e+02
1.459614294338104114e-02 7.400963000000027492e+00 1.766001169999999831e+02
1.498507391340803997e-02 7.000965000000016758e+00 1.998000009999999804e+02
1.538436839522256544e-02 7.000965000000016758e+00 1.962000189999999975e+02
1.579430253648279533e-02 6.600967000000006024e+00 1.902000489999999786e+02
1.621515984311802314e-02 6.600967000000006024e+00 1.050004750000000087e+02
1.664723137539817280e-02 6.200969000000023712e+00 1.022004890000000188e+02
1.709081594922790340e-02 6.200969000000023712e+00 1.998000009999999804e+02
1.754622034280438336e-02 6.200969000000023712e+00 1.978000109999999836e+02
1.801375950878171886e-02 5.800971000000012978e+00 1.922000390000000039e+02
1.849375679208872109e-02 5.800971000000012978e+00 1.146004270000000105e+02
1.898654415355068709e-02 5.400973000000030666e+00 1.118004410000000064e+02
1.949246239946986550e-02 5.400973000000030666e+00 1.998000009999999804e+02
2.001186141732329976e-02 5.400973000000030666e+00 1.986000070000000051e+02
2.054510041774120638e-02 5.000975000000019932e+00 1.930000349999999969e+02
2.109254818293301859e-02 5.000975000000019932e+00 1.878000609999999995e+02
2.165458332173312433e-02 4.600977000000009198e+00 1.986000070000000051e+02
2.223159453144255698e-02 4.600977000000009198e+00 1.934000329999999792e+02
2.282398086664776463e-02 4.600977000000009198e+00 1.970000149999999906e+02
2.343215201520235449e-02 4.200979000000026886e+00 1.998000009999999804e+02
2.405652858156266671e-02 4.200979000000026886e+00 1.950000249999999937e+02
2.469754237767324972e-02 4.200979000000026886e+00 1.902000489999999786e+02
2.535563672160314613e-02 3.800981000000016152e+00 1.998000009999999804e+02
2.603126674413983738e-02 3.800981000000016152e+00 1.946000269999999830e+02
2.672489970355265004e-02 3.800981000000016152e+00 1.894000529999999856e+02
2.743701530874343222e-02 3.400983000000005418e+00 1.846000769999999989e+02
2.816810605100793230e-02 3.400983000000005418e+00 1.798001009999999837e+02
2.891867754463732856e-02 3.400983000000005418e+00 1.754001230000000078e+02
2.968924887659555104e-02 3.400983000000005418e+00 1.710001450000000034e+02
3.048035296551402859e-02 3.000985000000023106e+00 1.666001669999999990e+02
3.129253693025235705e-02 3.000985000000023106e+00 1.622001889999999946e+02
3.212636246827970526e-02 3.000985000000023106e+00 1.582002090000000010e+02
3.298240624413852073e-02 2.600987000000012372e+00 1.542002289999999789e+02
3.386126028825943435e-02 2.600987000000012372e+00 1.502002489999999852e+02
3.476353240640291803e-02 2.600987000000012372e+00 1.462002689999999916e+02
3.568984660001106590e-02 2.600987000000012372e+00 1.426002869999999803e+02
3.664084349776009636e-02 2.200989000000030060e+00 1.386003069999999866e+02
3.761718079861214176e-02 2.200989000000030060e+00 1.350003250000000037e+02
3.861953372667247669e-02 2.200989000000030060e+00 1.310003449999999816e+02
3.964859549816714124e-02 2.200989000000030060e+00 1.986000070000000051e+02
4.070507780086363159e-02 2.200989000000030060e+00 1.998000009999999804e+02
4.178971128626625398e-02 1.800991000000019326e+00 1.962000189999999975e+02
4.290324607492671666e-02 1.800991000000019326e+00 1.994000029999999981e+02
4.404645227521918061e-02 1.800991000000019326e+00 1.946000269999999830e+02
4.522012051593871096e-02 1.800991000000019326e+00 1.894000529999999856e+02
4.642506249309143879e-02 1.800991000000019326e+00 1.842000789999999881e+02
4.766211153125464450e-02 1.800991000000019326e+00 1.794001030000000014e+02
4.893212315989466099e-02 1.400993000000008593e+00 1.750001249999999970e+02
5.023597570504177018e-02 1.400993000000008593e+00 1.702001489999999819e+02
5.157457089673073147e-02 1.400993000000008593e+00 1.658001709999999775e+02
5.294883449262733494e-02 1.400993000000008593e+00 1.954000230000000045e+02
5.435971691827218982e-02 1.400993000000008593e+00 1.998000009999999804e+02
5.580819392438452625e-02 1.400993000000008593e+00 1.990000049999999874e+02
5.729526726168070183e-02 1.400993000000008593e+00 1.938000309999999899e+02
5.882196537367382488e-02 1.000995000000026280e+00 1.890000550000000032e+02
6.038934410793402041e-02 1.000995000000026280e+00 1.838000809999999774e+02
6.199848744630093861e-02 1.000995000000026280e+00 1.790001049999999907e+02
6.365050825455365047e-02 1.000995000000026280e+00 1.746001269999999863e+02
6.534654905205633524e-02 1.000995000000026280e+00 1.702001489999999819e+02
6.708778280191199372e-02 1.000995000000026280e+00 1.658001709999999775e+02
6.887541372217100000e-02 1.000995000000026280e+00 1.614001930000000016e+02
7.071067811865475172e-02 1.000995000000026280e+00 1.574002130000000079e+02
7.259484523997129790e-02 6.009970000000155466e-01 1.974000130000000013e+02
7.452921815531367289e-02 6.009970000000155466e-01 1.998000009999999804e+02
7.651513465564807603e-02 6.009970000000155466e-01 1.958000209999999868e+02
7.855396817891542594e-02 6.009970000000155466e-01 1.962000189999999975e+02
8.064712875988590268e-02 6.009970000000155466e-01 1.970000149999999906e+02
8.279606400532335542e-02 6.009970000000155466e-01 1.978000109999999836e+02
8.500226009513417447e-02 6.009970000000155466e-01 1.986000070000000051e+02
8.726724281019312968e-02 6.009970000000155466e-01 1.966000169999999798e+02
8.959257858755624582e-02 6.009970000000155466e-01 1.966000169999999798e+02
9.197987560379160266e-02 6.009970000000155466e-01 1.998000009999999804e+02
9.443078488717648877e-02 6.009970000000155466e-01 1.998000009999999804e+02
9.694700145953027981e-02 6.009970000000155466e-01 1.946000269999999830e+02
9.953026550847290932e-02 6.009970000000155466e-01 1.914000429999999824e+02
1.021823635909193534e-01 6.009970000000155466e-01 1.914000429999999824e+02
1.049051298686427131e-01 6.009970000000155466e-01 1.798001009999999837e+02
1.077004473767602111e-01 6.009970000000155466e-01 1.966000169999999798e+02
1.105702493260197067e-01 6.009970000000155466e-01 1.842000789999999881e+02
1.135165204397865918e-01 6.009970000000155466e-01 1.918000409999999931e+02
1.165412983266568003e-01 6.009970000000155466e-01 1.990000049999999874e+02
1.196466748896444082e-01 6.009970000000155466e-01 1.994000029999999981e+02
1.228347977729185997e-01 6.009970000000155466e-01 1.994000029999999981e+02
1.261078718470907689e-01 6.009970000000155466e-01 1.942000290000000007e+02
1.294681607340785467e-01 6.009970000000155466e-01 1.842000789999999881e+02
1.329179883726021028e-01 6.009970000000155466e-01 1.994000029999999981e+02
1.364597406253940659e-01 6.009970000000155466e-01 1.942000290000000007e+02
1.400958669292361736e-01 6.009970000000155466e-01 1.966000169999999798e+02
1.438288819889626258e-01 6.009970000000155466e-01 1.990000049999999874e+02
1.476613675166021378e-01 6.009970000000155466e-01 1.938000309999999899e+02
1.515959740168617287e-01 6.009970000000155466e-01 1.966000169999999798e+02
1.556354226201861757e-01 6.009970000000155466e-01 1.994000029999999981e+02
1.597825069646622853e-01 6.009970000000155466e-01 1.994000029999999981e+02
1.640400951280676367e-01 6.009970000000155466e-01 1.994000029999999981e+02
1.684111316114018930e-01 6.009970000000155466e-01 1.994000029999999981e+02
1.728986393752710848e-01 6.009970000000155466e-01 1.942000290000000007e+02
1.775057219305338496e-01 6.009970000000155466e-01 1.994000029999999981e+02
1.822355654846552209e-01 6.009970000000155466e-01 1.942000290000000007e+02
1.870914411452527237e-01 6.009970000000155466e-01 1.998000009999999804e+02
1.920767071823580308e-01 6.009970000000155466e-01 1.946000269999999830e+02
1.971948113509597311e-01 6.009970000000155466e-01 1.794001030000000014e+02
2.024492932754327346e-01 6.009970000000155466e-01 1.702001489999999819e+02
2.078437868975029357e-01 6.009970000000155466e-01 1.862000689999999850e+02
2.133820229894417275e-01 6.009970000000155466e-01 1.914000429999999824e+02
2.190678317342266701e-01 6.009970000000155466e-01 1.998000009999999804e+02
2.249051453744538576e-01 6.009970000000155466e-01 1.946000269999999830e+02
2.308980009318335469e-01 6.009970000000155466e-01 1.946000269999999830e+02
2.370505429991497659e-01 6.009970000000155466e-01 1.846000769999999989e+02
2.433670266066150223e-01 6.009970000000155466e-01 1.846000769999999989e+02
2.498518201646020565e-01 6.009970000000155466e-01 1.914000429999999824e+02
2.565094084847887590e-01 6.009970000000155466e-01 1.998000009999999804e+02
2.633443958818039166e-01 6.009970000000155466e-01 1.998000009999999804e+02
2.703615093575204575e-01 6.009970000000155466e-01 1.946000269999999830e+02
2.775656018701980754e-01 6.009970000000155466e-01 1.862000689999999850e+02
2.849616556907355047e-01 6.009970000000155466e-01 1.962000189999999975e+02
2.925547858483540375e-01 6.009970000000155466e-01 1.846000769999999989e+02
3.003502436680951515e-01 6.009970000000155466e-01 1.998000009999999804e+02
3.083534204025796255e-01 6.009970000000155466e-01 1.946000269999999830e+02
3.165698509605375799e-01 6.009970000000155466e-01 1.862000689999999850e+02
3.250052177346905991e-01 6.009970000000155466e-01 1.862000689999999850e+02
3.336653545316318747e-01 6.009970000000155466e-01 1.998000009999999804e+02
3.425562506064225299e-01 6.009970000000155466e-01 1.946000269999999830e+02
3.516840548046942239e-01 6.009970000000155466e-01 1.962000189999999975e+02
3.610550798151228591e-01 6.009970000000155466e-01 1.838000809999999774e+02
3.706758065352150355e-01 6.009970000000155466e-01 1.990000049999999874e+02
3.805528885534243400e-01 6.009970000000155466e-01 1.962000189999999975e+02
3.906931567507002101e-01 6.009970000000155466e-01 1.890000550000000032e+02
4.011036240246498852e-01 6.009970000000155466e-01 1.990000049999999874e+02
4.117914901395808847e-01 6.009970000000155466e-01 1.962000189999999975e+02
4.227641467057786095e-01 6.009970000000155466e-01 1.890000550000000032e+02
4.340291822914623676e-01 6.009970000000155466e-01 1.962000189999999975e+02
4.455943876709556606e-01 6.009970000000155466e-01 1.990000049999999874e+02
4.574677612126992199e-01 6.009970000000155466e-01 1.890000550000000032e+02
4.696575144108355859e-01 6.009970000000155466e-01 1.962000189999999975e+02
4.821720775641861745e-01 6.009970000000155466e-01 1.990000049999999874e+02
4.950201056065542393e-01 6.009970000000155466e-01 1.938000309999999899e+02
5.082104840923808986e-01 6.009970000000155466e-01 1.990000049999999874e+02
5.217523353418970222e-01 6.009970000000155466e-01 1.938000309999999899e+02
5.356550247500188044e-01 6.009970000000155466e-01 1.990000049999999874e+02
5.499281672633520301e-01 6.009970000000155466e-01 1.938000309999999899e+02
5.645816340297826752e-01 6.009970000000155466e-01 1.990000049999999874e+02
5.796255592252537170e-01 6.009970000000155466e-01 1.938000309999999899e+02
5.950703470624506553e-01 6.009970000000155466e-01 1.890000550000000032e+02
6.109266789862384250e-01 6.009970000000155466e-01 1.938000309999999899e+02
6.272055210608317166e-01 6.009970000000155466e-01 1.990000049999999874e+02
6.439181315538042849e-01 6.009970000000155466e-01 1.938000309999999899e+02
6.610760687221821641e-01 6.009970000000155466e-01 1.990000049999999874e+02
6.786911988060065903e-01 6.009970000000155466e-01 1.938000309999999899e+02
6.967757042348946550e-01 6.009970000000155466e-01 1.962000189999999975e+02
7.153420920532745919e-01 6.009970000000155466e-01 1.990000049999999874e+02
7.344032025701174859e-01 6.009970000000155466e-01 1.942000290000000007e+02
7.539722182391547234e-01 6.009970000000155466e-01 1.990000049999999874e+02
7.740626727757170533e-01 6.009970000000155466e-01 1.962000189999999975e+02
7.946884605165032145e-01 6.009970000000155466e-01 1.962000189999999975e+02
8.158638460287493954e-01 6.009970000000155466e-01 1.994000029999999981e+02
8.376034739754465441e-01 6.009970000000155466e-01 1.890000550000000032e+02
8.599223792434290692e-01 6.009970000000155466e-01 1.962000189999999975e+02
8.828359973413345552e-01 6.009970000000155466e-01 1.994000029999999981e+02
9.063601750746324015e-01 6.009970000000155466e-01 1.994000029999999981e+02
9.305111815050998159e-01 6.009970000000155466e-01 1.962000189999999975e+02
9.553057192023249877e-01 6.009970000000155466e-01 1.962000189999999975e+02
9.807609357950197726e-01 6.009970000000155466e-01 1.994000029999999981e+02
1.006894435830131496e+00 6.009970000000155466e-01 1.990000049999999874e+02
1.033724292947952206e+00 6.009970000000155466e-01 1.990000049999999874e+02
1.061269062381648975e+00 6.009970000000155466e-01 1.994000029999999981e+02
1.089547793789860108e+00 6.009970000000155466e-01 1.942000290000000007e+02
1.118580044431228160e+00 6.009970000000155466e-01 1.890000550000000032e+02
1.148385892689981702e+00 6.009970000000155466e-01 1.862000689999999850e+02
1.178985951961925460e+00 6.009970000000155466e-01 1.962000189999999975e+02
1.210401384910441802e+00 6.009970000000155466e-01 1.866000669999999957e+02
1.242653918102351263e+00 6.009970000000155466e-01 1.994000029999999981e+02
1.275765857033764217e+00 6.009970000000155466e-01 1.994000029999999981e+02
1.309760101556318945e+00 6.009970000000155466e-01 1.994000029999999981e+02
1.344660161714468449e+00 6.009970000000155466e-01 1.994000029999999981e+02
1.380490174004764370e+00 6.009970000000155466e-01 1.970000149999999906e+02
1.417274918068393896e+00 6.009970000000155466e-01 1.982000089999999943e+02
1.455039833828502216e+00 6.009970000000155466e-01 1.990000049999999874e+02
1.493811039084165682e+00 6.009970000000155466e-01 1.990000049999999874e+02
1.533615347573176191e+00 6.009970000000155466e-01 1.994000029999999981e+02
1.574480287516121901e+00 6.009970000000155466e-01 1.982000089999999943e+02
1.616434120654604234e+00 6.009970000000155466e-01 1.990000049999999874e+02
1.659505861796741533e+00 6.009970000000155466e-01 1.986000070000000051e+02
1.703725298883493888e+00 6.009970000000155466e-01 1.986000070000000051e+02
1.749123013589677367e+00 6.009970000000155466e-01 1.990000049999999874e+02
1.795730402473908915e+00 6.009970000000155466e-01 1.982000089999999943e+02
1.843579698692118241e+00 6.009970000000155466e-01 1.990000049999999874e+02
1.892703994289643976e+00 6.009970000000155466e-01 1.986000070000000051e+02
1.943137263087333366e+00 6.009970000000155466e-01 1.986000070000000051e+02
1.994914384177453703e+00 6.009970000000155466e-01 1.986000070000000051e+02
2.048071166045694280e+00 6.009970000000155466e-01 1.938000309999999899e+02
2.102644371335911533e+00 6.009970000000155466e-01 1.986000070000000051e+02
2.158671742274774097e+00 6.009970000000155466e-01 1.990000049999999874e+02
2.216192026773872392e+00 6.009970000000155466e-01 1.982000089999999943e+02
2.275245005227344297e+00 6.009970000000155466e-01 1.982000089999999943e+02
2.335871518023552085e+00 6.009970000000155466e-01 1.930000349999999969e+02
2.398113493789848505e+00 6.009970000000155466e-01 1.994000029999999981e+02
2.462013978389956836e+00 6.009970000000155466e-01 1.994000029999999981e+02
2.527617164694010210e+00 6.009970000000155466e-01 1.942000290000000007e+02
2.594968423141855496e+00 6.009970000000155466e-01 1.938000309999999899e+02
2.664114333120743527e+00 6.009970000000155466e-01 1.958000209999999868e+02
2.735102715179123845e+00 6.009970000000155466e-01 1.978000109999999836e+02
2.807982664098811920e+00 6.009970000000155466e-01 1.926000369999999862e+02
2.882804582848395913e+00 6.009970000000155466e-01 1.926000369999999862e+02
2.959620217441365941e+00 6.009970000000155466e-01 1.978000109999999836e+02
3.038482692723094569e+00 6.009970000000155466e-01 1.926000369999999862e+02
3.119446549111395406e+00 6.009970000000155466e-01 1.978000109999999836e+02
3.202567780316069257e+00 6.009970000000155466e-01 1.926000369999999862e+02
3.287903872063540067e+00 6.009970000000155466e-01 1.978000109999999836e+02
3.375513841853340580e+00 6.009970000000155466e-01 1.978000109999999836e+02
3.465458279773969252e+00 6.009970000000155466e-01 1.958000209999999868e+02
3.557799390406333639e+00 1.800991000000019326e+00 1.878000609999999995e+02
