# class_covariance(KMIN=0.001, KMAX = 10, n=3000, RMIN = 0.001, RMAX = 180, n2 = 181, N_y = 50,                         b = 2.0, f = 0.74, s=0.0, nn=0, rscale = 'lin', kscale='lin')
1.000000000000000021e-03
1.003075857942950164e-03
1.006161176787984416e-03
1.009255985635495881e-03
1.012360313675382886e-03
1.015474190187328710e-03
1.018597644541076319e-03
1.021730706196708307e-03
1.024873404704919463e-03
1.028025769707299319e-03
1.031187830936609916e-03
1.034359618217069871e-03
1.037541161464629758e-03
1.040732490687258345e-03
1.043933635985224047e-03
1.047144627551382023e-03
1.050365495671453471e-03
1.053596270724314237e-03
1.056836983182284301e-03
1.060087663611409018e-03
1.063348342671751635e-03
1.066619051117680388e-03
1.069899819798162538e-03
1.073190679657049732e-03
1.076491661733372908e-03
1.079802797161633944e-03
1.083124117172103379e-03
1.086455653091107946e-03
1.089797436341331327e-03
1.093149498442107541e-03
1.096511871009722564e-03
1.099884585757707070e-03
1.103267674497137186e-03
1.106661169136939366e-03
1.110065101684183566e-03
1.113479504244390718e-03
1.116904409021831756e-03
1.120339848319837697e-03
1.123785854541095846e-03
1.127242460187961176e-03
1.130709697862759692e-03
1.134187600268101543e-03
1.137676200207181788e-03
1.141175530584094371e-03
1.144685624404140692e-03
1.148206514774145108e-03
1.151738234902760245e-03
1.155280818100784014e-03
1.158834297781477290e-03
1.162398707460871603e-03
1.165974080758090062e-03
1.169560451395662646e-03
1.173157853199848204e-03
1.176766320100947364e-03
1.180385886133626053e-03
1.184016585437235340e-03
1.187658452256137127e-03
1.191311520940020957e-03
1.194975825944232309e-03
1.198651401830095036e-03
1.202338283265242487e-03
1.206036505023936906e-03
1.209746101987401422e-03
1.213467109144152458e-03
1.217199561590322178e-03
1.220943494529995238e-03
1.224698943275537300e-03
1.228465943247933952e-03
1.232244529977117057e-03
1.236034739102303886e-03
1.239836606372332790e-03
1.243650167646003423e-03
1.247475458892408724e-03
1.251312516191278390e-03
1.255161375733316936e-03
1.259022073820550416e-03
1.262894646866661013e-03
1.266779131397333764e-03
1.270675564050605675e-03
1.274583981577203338e-03
1.278504420840894653e-03
1.282436918818833814e-03
1.286381512601915194e-03
1.290338239395115959e-03
1.294307136517851677e-03
1.298288241404325872e-03
1.302281591603888242e-03
1.306287224781380735e-03
1.310305178717498806e-03
1.314335491309144436e-03
1.318378200569788900e-03
1.322433344629823839e-03
1.326500961736924245e-03
1.330581090256413839e-03
1.334673768671618306e-03
1.338779035584234138e-03
1.342896929714689673e-03
1.347027489902515897e-03
1.351170755106704657e-03
1.355326764406081632e-03
1.359495556999671707e-03
1.363677172207074543e-03
1.367871649468827347e-03
1.372079028346782394e-03
1.376299348524476739e-03
1.380532649807512989e-03
1.384778972123925332e-03
1.389038355524561605e-03
1.393310840183464286e-03
1.397596466398241073e-03
1.401895274590451296e-03
1.406207305305982999e-03
1.410532599215443038e-03
1.414871197114530047e-03
1.419223139924426051e-03
1.423588468692179839e-03
1.427967224591098795e-03
1.432359448921129890e-03
1.436765183109253675e-03
1.441184468709873082e-03
1.445617347405210671e-03
1.450063861005693525e-03
1.454524051450352884e-03
1.458997960807216845e-03
1.463485631273713904e-03
1.467987105177060445e-03
1.472502424974666234e-03
1.477031633254537960e-03
1.481574772735672584e-03
1.486131886268466078e-03
1.490703016835114806e-03
1.495288207550026860e-03
1.499887501660219320e-03
1.504500942545732630e-03
1.509128573720036311e-03
1.513770438830446159e-03
1.518426581658525835e-03
1.523097046120505367e-03
1.527781876267699001e-03
1.532481116286912208e-03
1.537194810500864530e-03
1.541923003368603738e-03
1.546665739485932577e-03
1.551423063585819244e-03
1.556195020538825866e-03
1.560981655353528086e-03
1.565783013176946575e-03
1.570599139294963364e-03
1.575430079132754445e-03
1.580275878255215857e-03
1.585136582367399757e-03
1.590012237314935304e-03
1.594902889084468412e-03
1.599808583804091314e-03
1.604729367743784911e-03
1.609665287315845085e-03
1.614616389075325051e-03
1.619582719720479881e-03
1.624564326093196932e-03
1.629561255179444055e-03
1.634573554109709781e-03
1.639601270159454565e-03
1.644644450749545555e-03
1.649703143446712384e-03
1.654777395963991050e-03
1.659867256161181442e-03
1.664972772045287533e-03
1.670093991770977074e-03
1.675230963641039135e-03
1.680383736106830575e-03
1.685552357768738997e-03
1.690736877376638548e-03
1.695937343830356122e-03
1.701153806180122612e-03
1.706386313627041495e-03
1.711634915523550923e-03
1.716899661373894916e-03
1.722180600834580244e-03
1.727477783714851962e-03
1.732791259977159394e-03
1.738121079737634704e-03
1.743467293266554767e-03
1.748829950988822551e-03
1.754209103484438747e-03
1.759604801488986840e-03
1.765017095894099971e-03
1.770446037747946868e-03
1.775891678255718444e-03
1.781354068780100289e-03
1.786833260841764245e-03
1.792329306119850012e-03
1.797842256452461063e-03
1.803372163837141905e-03
1.808919080431375514e-03
1.814483058553072528e-03
1.820064150681071496e-03
1.825662409455622651e-03
1.831277887678890324e-03
1.836910638315456456e-03
1.842560714492808699e-03
1.848228169501849342e-03
1.853913056797393830e-03
1.859615429998683154e-03
1.865335342889877165e-03
1.871072849420570656e-03
1.876828003706297295e-03
1.882600860029048527e-03
1.888391472837773824e-03
1.894199896748899152e-03
1.900026186546849554e-03
1.905870397184553089e-03
1.911732583783966669e-03
1.917612801636595175e-03
1.923511106204010140e-03
1.929427553118380576e-03
1.935362198182986448e-03
1.941315097372751236e-03
1.947286306834774064e-03
1.953275882888850113e-03
1.959283882028006653e-03
1.965310360919034736e-03
1.971355376403029561e-03
1.977418985495916527e-03
1.983501245388994208e-03
1.989602213449473411e-03
1.995721947221023185e-03
2.001860504424302946e-03
2.008017942957512816e-03
2.014194320896944834e-03
2.020389696497520721e-03
2.026604128193347423e-03
2.032837674598264414e-03
2.039090394506405755e-03
2.045362346892741750e-03
2.051653590913642741e-03
2.057964185907434646e-03
2.064294191394964919e-03
2.070643667080152885e-03
2.077012672850558732e-03
2.083401268777954236e-03
2.089809515118877439e-03
2.096237472315208572e-03
2.102685200994739052e-03
2.109152761971740467e-03
2.115640216247546140e-03
2.122147625011116222e-03
2.128675049639617081e-03
2.135222551699011116e-03
2.141790192944620537e-03
2.148378035321721943e-03
2.154986140966123984e-03
2.161614572204761942e-03
2.168263391556274951e-03
2.174932661731601019e-03
2.181622445634567690e-03
2.188332806362491400e-03
2.195063807206759469e-03
2.201815511653436828e-03
2.208587983383866662e-03
2.215381286275262384e-03
2.222195484401315226e-03
2.229030642032796619e-03
2.235886823638172285e-03
2.242764093884197681e-03
2.249662517636534693e-03
2.256582159960361829e-03
2.263523086120995675e-03
2.270485361584491987e-03
2.277469052018271049e-03
2.284474223291744783e-03
2.291500941476921297e-03
2.298549272849041095e-03
2.305619283887195940e-03
2.312711041274957257e-03
2.319824611901011042e-03
2.326960062859778026e-03
2.334117461452050752e-03
2.341296875185636724e-03
2.348498371775980739e-03
2.355722019146813239e-03
2.362967885430786522e-03
2.370236038970124828e-03
2.377526548317257515e-03
2.384839482235473918e-03
2.392174909699566927e-03
2.399532899896492186e-03
2.406913522226009072e-03
2.414316846301339456e-03
2.421742941949833836e-03
2.429191879213613622e-03
2.436663728350242902e-03
2.444158559833385039e-03
2.451676444353478347e-03
2.459217452818386607e-03
2.466781656354079515e-03
2.474369126305297518e-03
2.481979934236234423e-03
2.489614151931197460e-03
2.497271851395293802e-03
2.504953104855113608e-03
2.512657984759400064e-03
2.520386563779739367e-03
2.528138914811245939e-03
2.535915110973247216e-03
2.543715225609981430e-03
2.551539332291277197e-03
2.559387504813252171e-03
2.567259817199019512e-03
2.575156343699367897e-03
2.583077158793474059e-03
2.591022337189599276e-03
2.598991953825805380e-03
2.606986083870643876e-03
2.615004802723878020e-03
2.623048186017186249e-03
2.631116309614888165e-03
2.639209249614642757e-03
2.647327082348174820e-03
2.655469884382002238e-03
2.663637732518143748e-03
2.671830703794851429e-03
2.680048875487334083e-03
2.688292325108496226e-03
2.696561130409653225e-03
2.704855369381274632e-03
2.713175120253714500e-03
2.721520461497961649e-03
2.729891471826361316e-03
2.738288230193367586e-03
2.746710815796294530e-03
2.755159308076048693e-03
2.763633786717887598e-03
2.772134331652169152e-03
2.780661023055103643e-03
2.789213941349519190e-03
2.797793167205606373e-03
2.806398781541684546e-03
2.815030865524975091e-03
2.823689500572349950e-03
2.832374768351110517e-03
2.841086750779751782e-03
2.849825530028748163e-03
2.858591188521309411e-03
2.867383808934169907e-03
2.876203474198363655e-03
2.885050267500017477e-03
2.893924272281117767e-03
2.902825572240307159e-03
2.911754251333681202e-03
2.920710393775564646e-03
2.929694084039316353e-03
2.938705406858119901e-03
2.947744447225794998e-03
2.956811290397581577e-03
2.965906021890955552e-03
2.975028727486429391e-03
2.984179493228373507e-03
2.993358405425809027e-03
3.002565550653231354e-03
3.011801015751436762e-03
3.021064887828321232e-03
3.030357254259715728e-03
3.039678202690206717e-03
3.049027821033961031e-03
3.058406197475564171e-03
3.067813420470837365e-03
3.077249578747678471e-03
3.086714761306909392e-03
3.096209057423097034e-03
3.105732556645405922e-03
3.115285348798439106e-03
3.124867523983097285e-03
3.134479172577407571e-03
3.144120385237391714e-03
3.153791252897912220e-03
3.163491866773544912e-03
3.173222318359418537e-03
3.182982699432087767e-03
3.192773102050408800e-03
3.202593618556388074e-03
3.212444341576066540e-03
3.222325364020388327e-03
3.232236779086076778e-03
3.242178680256524361e-03
3.252151161302654827e-03
3.262154316283819196e-03
3.272188239548689571e-03
3.282253025736133444e-03
3.292348769776112707e-03
3.302475566890590922e-03
3.312633512594410218e-03
3.322822702696206359e-03
3.333043233299309502e-03
3.343295200802646246e-03
3.353578701901662081e-03
3.363893833589214760e-03
3.374240693156497616e-03
3.384619378193968499e-03
3.395029986592249666e-03
3.405472616543063231e-03
3.415947366540153171e-03
3.426454335380225112e-03
3.436993622163860528e-03
3.447565326296462163e-03
3.458169547489186885e-03
3.468806385759899778e-03
3.479475941434095713e-03
3.490178315145856056e-03
3.500913607838809696e-03
3.511681920767063293e-03
3.522483355496168825e-03
3.533318013904081581e-03
3.544185998182113398e-03
3.555087410835914511e-03
3.566022354686416377e-03
3.576990932870812660e-03
3.587993248843544120e-03
3.599029406377250977e-03
3.610099509563763874e-03
3.621203662815096133e-03
3.632341970864406099e-03
3.643514538767000672e-03
3.654721471901321503e-03
3.665962875969935517e-03
3.677238857000547992e-03
3.688549521346978343e-03
3.699894975690174500e-03
3.711275327039232491e-03
3.722690682732380900e-03
3.734141150438009989e-03
3.745626838155677839e-03
3.757147854217146414e-03
3.768704307287378159e-03
3.780296306365578569e-03
3.791923960786214038e-03
3.803587380220061365e-03
3.815286674675216066e-03
3.827021954498144047e-03
3.838793330374731545e-03
3.850600913331309050e-03
3.862444814735709921e-03
3.874325146298321625e-03
3.886242020073130479e-03
3.898195548458799342e-03
3.910185844199698911e-03
3.922213020386988019e-03
3.934277190459687865e-03
3.946378468205730648e-03
3.958516967763044646e-03
3.970692803620641878e-03
3.982906090619672823e-03
3.995156943954530568e-03
4.007445479173925469e-03
4.019771812181978030e-03
4.032136059239324784e-03
4.044538336964192092e-03
4.056978762333505496e-03
4.069457452684008616e-03
4.081974525713344751e-03
4.094530099481180109e-03
4.107124292410314036e-03
4.119757223287807447e-03
4.132429011266083516e-03
4.145139775864063909e-03
4.157889636968289428e-03
4.170678714834068386e-03
4.183507130086584237e-03
4.196375003722045693e-03
4.209282457108841184e-03
4.222229611988660355e-03
4.235216590477654600e-03
4.248243515067589779e-03
4.261310508626992878e-03
4.274417694402329881e-03
4.287565196019143751e-03
4.300753137483231438e-03
4.313981643181826961e-03
4.327250837884748930e-03
4.340560846745589695e-03
4.353911795302910573e-03
4.367303809481398041e-03
4.380737015593067635e-03
4.394211540338454833e-03
4.407727510807804214e-03
4.421285054482282026e-03
4.434884299235157534e-03
4.448525373333020796e-03
4.462208405437002173e-03
4.475933524603964951e-03
4.489700860287734394e-03
4.503510542340316385e-03
4.517362701013133419e-03
4.531257466958231103e-03
4.545194971229527155e-03
4.559175345284036118e-03
4.573198720983129642e-03
4.587265230593755121e-03
4.601375006789691635e-03
4.615528182652818036e-03
4.629724891674341127e-03
4.643965267756071554e-03
4.658249445211683215e-03
4.672577558767976140e-03
4.686949743566163652e-03
4.701366135163119638e-03
4.715826869532672647e-03
4.730332083066902601e-03
4.744881912577395867e-03
4.759476495296552367e-03
4.774115968878895298e-03
4.788800471402336612e-03
4.803530141369502342e-03
4.818305117709034517e-03
4.833125539776892202e-03
4.847991547357689834e-03
4.862903280665985262e-03
4.877860880347615474e-03
4.892864487481038416e-03
4.907914243578635760e-03
4.923010290588065128e-03
4.938152770893590622e-03
4.953341827317444580e-03
4.968577603121146838e-03
4.983860242006870819e-03
4.999189888118795756e-03
5.014566686044482323e-03
5.029990780816205771e-03
5.045462317912340240e-03
5.060981443258746534e-03
5.076548303230116535e-03
5.092163044651377458e-03
5.107825814799065757e-03
5.123536761402715765e-03
5.139296032646273500e-03
5.155103777169460152e-03
5.170960144069194561e-03
5.186865282901007880e-03
5.202819343680431356e-03
5.218822476884420539e-03
5.234874833452791629e-03
5.250976564789617933e-03
5.267127822764670550e-03
5.283328759714855591e-03
5.299579528445635783e-03
5.315880282232501516e-03
5.332231174822377705e-03
5.348632360435096565e-03
5.365083993764860858e-03
5.381586229981676767e-03
5.398139224732837090e-03
5.414743134144377537e-03
5.431398114822570330e-03
5.448104323855370960e-03
5.464861918813923060e-03
5.481671057754026848e-03
5.498531899217659613e-03
5.515444602234432885e-03
5.532409326323111179e-03
5.549426231493134222e-03
5.566495478246087994e-03
5.583617227577247766e-03
5.600791640977083839e-03
5.618018880432786369e-03
5.635299108429809266e-03
5.652632487953373336e-03
5.670019182490017122e-03
5.687459356029158156e-03
5.704953173064606503e-03
5.722500798596130353e-03
5.740102398131031146e-03
5.757758137685669263e-03
5.775468183787055634e-03
5.793232703474412992e-03
5.811051864300747528e-03
5.828925834334451779e-03
5.846854782160857203e-03
5.864838876883836198e-03
5.882878288127422334e-03
5.900973186037368132e-03
5.919123741282777441e-03
5.937330125057700518e-03
5.955592509082775939e-03
5.973911065606812669e-03
5.992285967408437185e-03
6.010717387797712835e-03
6.029205500617799106e-03
6.047750480246553637e-03
6.066352501598194086e-03
6.085011740124970404e-03
6.103728371818778996e-03
6.122502573212848000e-03
6.141334521383397423e-03
6.160224393951301870e-03
6.179172369083792311e-03
6.198178625496096258e-03
6.217243342453146471e-03
6.236366699771284453e-03
6.255548877819925788e-03
6.274790057523274914e-03
6.294090420362052039e-03
6.313450148375169754e-03
6.332869424161468620e-03
6.352348430881442354e-03
6.371887352258949130e-03
6.391486372582978401e-03
6.411145676709345716e-03
6.430865450062456072e-03
6.450645878637074199e-03
6.470487149000038463e-03
6.490389448292046767e-03
6.510352964229409491e-03
6.530377885105843189e-03
6.550464399794212259e-03
6.570612697748331316e-03
6.590822969004743286e-03
6.611095404184534792e-03
6.631430194495096901e-03
6.651827531731947449e-03
6.672287608280559439e-03
6.692810617118136532e-03
6.713396751815460528e-03
6.734046206538707620e-03
6.754759176051276792e-03
6.775535855715649446e-03
6.796376441495195243e-03
6.817281129956041276e-03
6.838250118268940358e-03
6.859283604211097694e-03
6.880381786168051315e-03
6.901544863135565533e-03
6.922773034721468009e-03
6.944066501147557087e-03
6.965425463251485698e-03
6.986850122488647875e-03
7.008340680934106899e-03
7.029897341284458388e-03
7.051520306859765386e-03
7.073209781605494309e-03
7.094965970094397993e-03
7.116789077528474193e-03
7.138679309740890259e-03
7.160636873197923427e-03
7.182661975000931460e-03
7.204754822888263452e-03
7.226915625237246080e-03
7.249144591066162061e-03
7.271441930036186968e-03
7.293807852453382430e-03
7.316242569270703204e-03
7.338746292089944404e-03
7.361319233163765054e-03
7.383961605397683890e-03
7.406673622352077761e-03
7.429455498244228601e-03
7.452307447950297543e-03
7.475229687007374502e-03
7.498222431615532944e-03
7.521285898639823962e-03
7.544420305612346660e-03
7.567625870734318548e-03
7.590902812878092161e-03
7.614251351589245397e-03
7.637671707088650175e-03
7.661164100274536759e-03
7.684728752724610985e-03
7.708365886698096033e-03
7.732075725137854856e-03
7.755858491672511755e-03
7.779714410618520162e-03
7.803643706982305028e-03
7.827646606462379184e-03
7.851723335451464905e-03
7.875874121038659720e-03
7.900099191011531949e-03
7.924398773858290848e-03
7.948773098769967155e-03
7.973222395642527716e-03
7.997746895079064708e-03
8.022346828391998738e-03
8.047022427605209083e-03
8.071773925456255869e-03
8.096601555398569294e-03
8.121505551603635381e-03
8.146486148963249380e-03
8.171543583091672031e-03
8.196678090327879501e-03
8.221889907737820261e-03
8.247179273116597362e-03
8.272546424990737460e-03
8.297991602620468504e-03
8.323515046001922837e-03
8.349116995869432234e-03
8.374797693697798653e-03
8.400557381704551116e-03
8.426396302852275436e-03
8.452314700850848544e-03
8.478312820159766491e-03
8.504390905990470706e-03
8.530549204308615283e-03
8.556787961836414061e-03
8.583107426054968625e-03
8.609507845206585894e-03
8.635989468297156427e-03
8.662552545098451198e-03
8.689197326150506842e-03
8.715924062764007427e-03
8.742733007022610719e-03
8.769624411785345575e-03
8.796598530689024933e-03
8.823655618150587701e-03
8.850795929369532564e-03
8.878019720330315376e-03
8.905327247804751753e-03
8.932718769354482113e-03
8.960194543333341310e-03
8.987754828889823674e-03
9.015399885969551524e-03
9.043129975317682964e-03
9.070945358481385598e-03
9.098846297812338002e-03
9.126833056469146194e-03
9.154905898419865920e-03
9.183065088444481577e-03
9.211310892137393805e-03
9.239643575909957385e-03
9.268063406992948020e-03
9.296570653439103701e-03
9.325165584125681695e-03
9.353848468756939191e-03
9.382619577866718047e-03
9.411479182820979214e-03
9.440427555820357988e-03
9.469464969902774767e-03
9.498591698945938258e-03
9.527808017669971846e-03
9.557114201640026091e-03
9.586510527268821830e-03
9.615997271819286957e-03
9.645574713407198408e-03
9.675243131003751287e-03
9.705002804438223399e-03
9.734854014400608560e-03
9.764797042444251646e-03
9.794832170988551287e-03
9.824959683321549814e-03
9.855179863602648097e-03
9.885492996865313450e-03
9.915899369019699067e-03
9.946399266855383142e-03
9.976992978044094129e-03
1.000768079114236833e-02
1.003846299559431332e-02
1.006933988173431757e-02
1.010031174078981041e-02
1.013137886488399073e-02
1.016254154703857653e-02
1.019380008117659608e-02
1.022515476212512361e-02
1.025660588561809992e-02
1.028815374829908369e-02
1.031979864772408079e-02
1.035154088236432332e-02
1.038338075160911804e-02
1.041531855576862536e-02
1.044735459607674249e-02
1.047948917469389632e-02
1.051172259470993867e-02
1.054405516014696002e-02
1.057648717596219694e-02
1.060901894805089084e-02
1.064165078324915553e-02
1.067438298933691410e-02
1.070721587504075249e-02
1.074014975003687901e-02
1.077318492495399870e-02
1.080632171137628841e-02
1.083956042184629556e-02
1.087290136986791833e-02
1.090634486990933565e-02
1.093989123740599957e-02
1.097354078876357913e-02
1.100729384136098568e-02
1.104115071355331670e-02
1.107511172467490895e-02
1.110917719504230482e-02
1.114334744595731064e-02
1.117762279971001166e-02
1.121200357958179392e-02
1.124649010984843725e-02
1.128108271578311811e-02
1.131578172365953726e-02
1.135058746075493993e-02
1.138550025535325395e-02
1.142052043674813590e-02
1.145564833524613350e-02
1.149088428216973705e-02
1.152622860986056950e-02
1.156168165168246394e-02
1.159724374202465193e-02
1.163291521630488087e-02
1.166869641097261281e-02
1.170458766351217643e-02
1.174058931244593984e-02
1.177670169733754241e-02
1.181292515879504672e-02
1.184926003847420160e-02
1.188570667908161842e-02
1.192226542437804793e-02
1.195893661918157394e-02
1.199572060937092143e-02
1.203261774188865880e-02
1.206962836474453037e-02
1.210675282701868111e-02
1.214399147886499955e-02
1.218134467151437902e-02
1.221881275727806394e-02
1.225639608955095793e-02
1.229409502281494058e-02
1.233190991264225024e-02
1.236984111569879030e-02
1.240788898974754320e-02
1.244605389365189586e-02
1.248433618737907098e-02
1.252273623200347331e-02
1.256125438971015043e-02
1.259989102379815290e-02
1.263864649868400719e-02
1.267752117990511747e-02
1.271651543412324718e-02
1.275562962912793648e-02
1.279486413384001327e-02
1.283421931831505401e-02
1.287369555374685143e-02
1.291329321247096547e-02
1.295301266796818063e-02
1.299285429486808467e-02
1.303281846895254156e-02
1.307290556715929794e-02
1.311311596758547512e-02
1.315345004949119816e-02
1.319390819330311729e-02
1.323449078061804396e-02
1.327519819420650178e-02
1.331603081801638853e-02
1.335698903717654623e-02
1.339807323800043699e-02
1.343928380798976863e-02
1.348062113583812886e-02
1.352208561143469767e-02
1.356367762586787457e-02
1.360539757142901519e-02
1.364724584161608294e-02
1.368922283113741152e-02
1.373132893591537222e-02
1.377356455309016944e-02
1.381593008102352180e-02
1.385842591930248023e-02
1.390105246874314728e-02
1.394381013139449690e-02
1.398669931054212848e-02
1.402972041071210742e-02
1.407287383767476599e-02
1.411615999844850582e-02
1.415957930130368886e-02
1.420313215576642953e-02
1.424681897262251341e-02
1.429064016392122063e-02
1.433459614297926017e-02
1.437868732438461750e-02
1.442291412400052361e-02
1.446727695896930961e-02
1.451177624771641562e-02
1.455641240995426272e-02
1.460118586668627746e-02
1.464609704021080892e-02
1.469114635412515323e-02
1.473633423332953128e-02
1.478166110403107865e-02
1.482712739374790999e-02
1.487273353131309504e-02
1.491847994687876648e-02
1.496436707192010801e-02
1.501039533923949516e-02
1.505656518297050946e-02
1.510287703858209478e-02
1.514933134288260971e-02
1.519592853402399781e-02
1.524266905150587111e-02
1.528955333617970647e-02
1.533658183025294643e-02
1.538375497729322673e-02
1.543107322223253274e-02
1.547853701137137487e-02
1.552614679238304915e-02
1.557390301431780220e-02
1.562180612760712649e-02
1.566985658406794615e-02
1.571805483690694172e-02
1.576640134072476024e-02
1.581489655152036947e-02
1.586354092669528884e-02
1.591233492505797834e-02
1.596127900682809200e-02
1.601037363364088764e-02
1.605961926855151503e-02
1.610901637603943601e-02
1.615856542201278903e-02
1.620826687381276068e-02
1.625812120021803350e-02
1.630812887144916096e-02
1.635829035917306384e-02
1.640860613650740180e-02
1.645907667802511826e-02
1.650970245975883974e-02
1.656048395920543120e-02
1.661142165533044390e-02
1.666251602857268463e-02
1.671376756084869825e-02
1.676517673555735430e-02
1.681674403758437464e-02
1.686846995330693044e-02
1.692035497059822535e-02
1.697239957883206474e-02
1.702460426888753944e-02
1.707696953315357077e-02
1.712949586553363934e-02
1.718218376145036475e-02
1.723503371785025176e-02
1.728804623320830472e-02
1.734122180753280840e-02
1.739456094236995973e-02
1.744806414080867993e-02
1.750173190748528090e-02
1.755556474858830165e-02
1.760956317186321285e-02
1.766372768661726364e-02
1.771805880372425215e-02
1.777255703562933761e-02
1.782722289635391144e-02
1.788205690150039551e-02
1.793705956825716180e-02
1.799223141540334803e-02
1.804757296331381197e-02
1.810308473396398526e-02
1.815876725093484509e-02
1.821462103941780958e-02
1.827064662621972688e-02
1.832684453976781216e-02
1.838321531011466795e-02
1.843975946894323842e-02
1.849647754957186793e-02
1.855337008695931780e-02
1.861043761770977620e-02
1.866768068007798598e-02
1.872509981397425111e-02
1.878269556096959919e-02
1.884046846430081218e-02
1.889841906887563400e-02
1.895654792127782554e-02
1.901485556977240352e-02
1.907334256431072669e-02
1.913200945653577290e-02
1.919085679978724604e-02
1.924988514910689133e-02
1.930909506124363698e-02
1.936848709465893367e-02
1.942806180953196918e-02
1.948781976776493494e-02
1.954776153298839331e-02
1.960788767056652337e-02
1.966819874760250900e-02
1.972869533294383318e-02
1.978937799718771123e-02
1.985024731268639556e-02
1.991130385355264695e-02
1.997254819566507758e-02
2.003398091667367084e-02
2.009560259600512086e-02
2.015741381486841483e-02
2.021941515626020022e-02
2.028160720497037758e-02
2.034399054758758221e-02
2.040656577250467285e-02
2.046933346992436606e-02
2.053229423186471794e-02
2.059544865216478629e-02
2.065879732649016087e-02
2.072234085233864292e-02
2.078607982904581708e-02
2.085001485779078290e-02
2.091414654160173719e-02
2.097847548536174722e-02
2.104300229581437115e-02
2.110772758156946940e-02
2.117265195310885639e-02
2.123777602279213264e-02
2.130310040486243714e-02
2.136862571545218581e-02
2.143435257258898691e-02
2.150028159620136908e-02
2.156641340812471067e-02
2.163274863210702323e-02
2.169928789381493639e-02
2.176603182083947791e-02
2.183298104270211051e-02
2.190013619086057448e-02
2.196749789871492442e-02
2.203506680161341699e-02
2.210284353685859626e-02
2.217082874371321607e-02
2.223902306340633933e-02
2.230742713913937136e-02
2.237604161609206208e-02
2.244486714142870237e-02
2.251390436430411590e-02
2.258315393586987976e-02
2.265261650928037870e-02
2.272229273969905358e-02
2.279218328430448332e-02
2.286228880229668539e-02
2.293260995490323945e-02
2.300314740538560512e-02
2.307390181904530463e-02
2.314487386323026488e-02
2.321606420734104864e-02
2.328747352283722788e-02
2.335910248324368776e-02
2.343095176415694800e-02
2.350302204325161251e-02
2.357531400028666652e-02
2.364782831711199212e-02
2.372056567767468968e-02
2.379352676802563848e-02
2.386671227632585282e-02
2.394012289285309819e-02
2.401375931000826816e-02
2.408762222232205263e-02
2.416171232646134939e-02
2.423603032123597401e-02
2.431057690760511647e-02
2.438535278868406153e-02
2.446035866975077369e-02
2.453559525825252385e-02
2.461106326381263046e-02
2.468676339823706531e-02
2.476269637552126410e-02
2.483886291185675999e-02
2.491526372563804617e-02
2.499189953746923376e-02
2.506877107017096984e-02
2.514587904878714045e-02
2.522322420059181641e-02
2.530080725509600836e-02
2.537862894405464378e-02
2.545669000147338795e-02
2.553499116361562446e-02
2.561353316900939411e-02
2.569231675845429566e-02
2.577134267502857734e-02
2.585061166409604108e-02
2.593012447331317222e-02
2.600988185263608532e-02
2.608988455432770942e-02
2.617013333296477895e-02
2.625062894544504324e-02
2.633137215099431300e-02
2.641236371117372528e-02
2.649360438988681427e-02
2.657509495338682484e-02
2.665683617028384231e-02
2.673882881155211638e-02
2.682107365053731235e-02
2.690357146296375526e-02
2.698632302694183721e-02
2.706932912297526153e-02
2.715259053396849864e-02
2.723610804523406148e-02
2.731988244450004460e-02
2.740391452191741004e-02
2.748820507006757841e-02
2.757275488396977378e-02
2.765756476108864950e-02
2.774263550134168851e-02
2.782796790710686044e-02
2.791356278323008089e-02
2.799942093703290322e-02
2.808554317832008193e-02
2.817193031938717077e-02
2.825858317502829772e-02
2.834550256254371112e-02
2.843268930174762399e-02
2.852014421497582261e-02
2.860786812709353866e-02
2.869586186550311668e-02
2.878412626015192446e-02
2.887266214354007599e-02
2.896147035072840076e-02
2.905055171934619110e-02
2.913990708959922349e-02
2.922953730427758218e-02
2.931944320876368748e-02
2.940962565104023735e-02
2.950008548169816627e-02
2.959082355394475686e-02
2.968184072361157791e-02
2.977313784916267927e-02
2.986471579170256116e-02
2.995657541498441753e-02
3.004871758541816790e-02
3.014114317207874233e-02
3.023385304671416182e-02
3.032684808375388577e-02
3.042012916031692701e-02
3.051369715622025830e-02
3.060755295398697590e-02
3.070169743885474770e-02
3.079613149878410172e-02
3.089085602446675974e-02
3.098587190933414434e-02
3.108118004956568828e-02
3.117678134409741092e-02
3.127267669463025535e-02
3.136886700563874808e-02
3.146535318437937434e-02
3.156213614089927594e-02
3.165921678804471673e-02
3.175659604146980480e-02
3.185427481964500651e-02
3.195225404386592416e-02
3.205053463826189331e-02
3.214911752980477433e-02
3.224800364831766075e-02
3.234719392648360836e-02
3.244668929985453087e-02
3.254649070685990825e-02
3.264659908881575867e-02
3.274701538993338157e-02
3.284774055732841980e-02
3.294877554102963041e-02
3.305012129398798848e-02
3.315177877208554807e-02
3.325374893414459465e-02
3.335603274193653378e-02
3.345863116019112682e-02
3.356154515660542126e-02
3.366477570185302803e-02
3.376832376959321147e-02
3.387219033648000699e-02
3.397637638217158862e-02
3.408088288933933813e-02
3.418571084367726803e-02
3.429086123391116708e-02
3.439633505180809958e-02
3.450213329218555780e-02
3.460825695292105153e-02
3.471470703496133681e-02
3.482148454233200546e-02
3.492859048214683876e-02
3.503602586461740387e-02
3.514379170306247691e-02
3.525188901391770879e-02
3.536031881674515931e-02
3.546908213424287970e-02
3.557817999225464101e-02
3.568761341977950974e-02
3.579738344898167335e-02
3.590749111520003672e-02
3.601793745695813787e-02
3.612872351597378601e-02
3.623985033716903975e-02
3.635131896867992846e-02
3.646313046186645812e-02
3.657528587132239523e-02
3.668778625488537670e-02
3.680063267364670765e-02
3.691382619196151293e-02
3.702736787745873615e-02
3.714125880105113853e-02
3.725550003694551998e-02
3.737009266265271801e-02
3.748503775899791890e-02
3.760033641013069833e-02
3.771598970353540192e-02
3.783199873004122749e-02
3.794836458383270272e-02
3.806508836245982991e-02
3.818217116684860524e-02
3.829961410131121902e-02
3.841741827355665828e-02
3.853558479470099718e-02
3.865411477927799266e-02
3.877300934524954140e-02
3.889226961401618526e-02
3.901189671042781804e-02
3.913189176279411458e-02
3.925225590289536937e-02
3.937299026599298118e-02
3.949409599084033329e-02
3.961557421969337522e-02
3.973742609832155159e-02
3.985965277601844631e-02
3.998225540561280156e-02
4.010523514347919677e-02
4.022859314954915083e-02
4.035233058732187739e-02
4.047644862387542175e-02
4.060094842987758273e-02
4.072583117959691079e-02
4.085109805091392127e-02
4.097675022533203704e-02
4.110278888798891278e-02
4.122921522766741231e-02
4.135603043680703694e-02
4.148323571151495137e-02
4.161083225157748838e-02
4.173882126047125107e-02
4.186720394537464529e-02
4.199598151717912065e-02
4.212515519050072377e-02
4.225472618369140870e-02
4.238469571885068038e-02
4.251506502183702990e-02
4.264583532227946699e-02
4.277700785358924673e-02
4.290858385297132566e-02
4.304056456143623421e-02
4.317295122381156064e-02
4.330574508875392054e-02
4.343894740876051708e-02
4.357255944018114530e-02
4.370658244322987024e-02
4.384101768199708676e-02
4.397586642446125321e-02
4.411112994250104835e-02
4.424680951190717443e-02
4.438290641239454881e-02
4.451942192761432909e-02
4.465635734516590349e-02
4.479371395660925598e-02
4.493149305747690808e-02
4.506969594728635342e-02
4.520832392955213830e-02
4.534737831179831702e-02
4.548686040557060190e-02
4.562677152644894346e-02
4.576711299405971517e-02
4.590788613208839075e-02
4.604909226829180524e-02
4.619073273451087397e-02
4.633280886668298543e-02
4.647532200485474108e-02
4.661827349319453556e-02
4.676166468000517856e-02
4.690549691773673868e-02
4.704977156299916530e-02
4.719448997657520184e-02
4.733965352343311173e-02
4.748526357273966797e-02
4.763132149787293462e-02
4.777782867643538128e-02
4.792478649026667842e-02
4.807219632545695759e-02
4.822005957235964840e-02
4.836837762560482201e-02
4.851715188411212520e-02
4.866638375110416553e-02
4.881607463411966052e-02
4.896622594502663545e-02
4.911683910003594028e-02
4.926791551971436423e-02
4.941945662899827063e-02
4.957146385720682946e-02
4.972393863805568692e-02
4.987688240967029507e-02
5.003029661459966471e-02
5.018418269982981295e-02
5.033854211679754387e-02
5.049337632140400017e-02
5.064868677402856179e-02
5.080447493954242527e-02
5.096074228732262734e-02
5.111749029126570060e-02
5.127472042980173866e-02
5.143243418590829480e-02
5.159063304712425274e-02
5.174931850556407226e-02
5.190849205793164611e-02
5.206815520553460114e-02
5.222830945429827315e-02
5.238895631478013987e-02
5.255009730218379582e-02
5.271173393637352406e-02
5.287386774188836125e-02
5.303650024795674572e-02
5.319963298851067279e-02
5.336326750220041909e-02
5.352740533240880894e-02
5.369204802726598030e-02
5.385719713966390793e-02
5.402285422727094721e-02
5.418902085254673900e-02
5.435569858275670491e-02
5.452288898998708389e-02
5.469059365115949700e-02
5.485881414804607420e-02
5.502755206728413701e-02
5.519680900039139471e-02
5.536658654378072419e-02
5.553688629877544941e-02
5.570770987162422527e-02
5.587905887351642120e-02
5.605093492059708138e-02
5.622333963398234991e-02
5.639627463977472249e-02
5.656974156907824264e-02
5.674374205801412802e-02
5.691827774773595278e-02
5.709335028444537108e-02
5.726896131940738960e-02
5.744511250896618820e-02
5.762180551456053124e-02
5.779904200273962289e-02
5.797682364517862258e-02
5.815515211869466683e-02
5.833402910526239854e-02
5.851345629203010684e-02
5.869343537133538125e-02
5.887396804072130702e-02
5.905505600295234830e-02
5.923670096603037005e-02
5.941890464321089582e-02
5.960166875301908113e-02
5.978499501926613779e-02
5.996888517106535588e-02
6.015334094284863903e-02
6.033836407438265825e-02
6.052395631078546362e-02
6.071011940254273515e-02
6.089685510552449166e-02
6.108416518100147352e-02
6.127205139566193476e-02
6.146051552162810211e-02
6.164955933647307817e-02
6.183918462323755028e-02
6.202939317044646461e-02
6.222018677212615839e-02
6.241156722782101318e-02
6.260353634261067723e-02
6.279609592712682986e-02
6.298924779757053560e-02
6.318299377572911268e-02
6.337733568899356351e-02
6.357227537037554721e-02
6.376781465852492115e-02
6.396395539774689387e-02
6.416069943801955278e-02
6.435804863501119744e-02
6.455600485009793665e-02
6.475456995038122998e-02
6.495374580870540149e-02
6.515353430367547272e-02
6.535393731967467645e-02
6.555495674688245622e-02
6.575659448129207718e-02
6.595885242472870891e-02
6.616173248486716119e-02
6.636523657525007780e-02
6.656936661530579724e-02
6.677412453036664364e-02
6.697951225168688461e-02
6.718553171646116096e-02
6.739218486784252782e-02
6.759947365496100924e-02
6.780740003294187523e-02
6.801596596292396046e-02
6.822517341207844088e-02
6.843502435362709690e-02
6.864552076686118720e-02
6.885666463715986452e-02
6.906845795600911886e-02
6.928090272102038760e-02
6.949400093594959582e-02
6.970775461071579415e-02
6.992216576142037954e-02
7.013723641036588574e-02
7.035296858607528736e-02
7.056936432331084585e-02
7.078642566309360784e-02
7.100415465272248705e-02
7.122255334579348507e-02
7.144162380221934228e-02
7.166136808824860593e-02
7.188178827648553093e-02
7.210288644590917562e-02
7.232466468189345521e-02
7.254712507622643192e-02
7.277026972713034059e-02
7.299410073928111475e-02
7.321862022382853719e-02
7.344383029841582144e-02
7.366973308719988733e-02
7.389633072087112287e-02
7.412362533667374298e-02
7.435161907842581519e-02
7.458031409653935462e-02
7.480971254804091863e-02
7.503981659659159087e-02
7.527062841250774239e-02
7.550215017278115448e-02
7.573438406109991861e-02
7.596733226786865634e-02
7.620099699022951645e-02
7.643538043208258914e-02
7.667048480410702804e-02
7.690631232378153381e-02
7.714286521540564268e-02
7.738014571012034881e-02
7.761815604592942064e-02
7.785689846772043954e-02
7.809637522728579695e-02
7.833658858334426045e-02
7.857754080156191534e-02
7.881923415457388338e-02
7.906167092200544477e-02
7.930485339049379856e-02
7.954878385370940663e-02
7.979346461237786514e-02
8.003889797430131792e-02
8.028508625438054991e-02
8.053203177463648388e-02
8.077973686423241262e-02
8.102820385949564830e-02
8.127743510393981019e-02
8.152743294828687648e-02
8.177819975048916668e-02
8.202973787575186526e-02
8.228204969655507350e-02
8.253513759267644412e-02
8.278900395121331635e-02
8.304365116660558654e-02
8.329908164065792653e-02
8.355529778256280682e-02
8.381230200892282600e-02
8.407009674377390052e-02
8.432868441860778830e-02
8.458806747239529245e-02
8.484824835160902079e-02
8.510922951024668670e-02
8.537101340985413234e-02
8.563360251954850455e-02
8.589699931604168059e-02
8.616120628366347178e-02
8.642622591438524349e-02
8.669206070784316043e-02
8.695871317136209810e-02
8.722618581997891585e-02
8.749448117646654866e-02
8.776360177135743290e-02
8.803355014296777858e-02
8.830432883742107830e-02
8.857594040867254603e-02
8.884838741853279265e-02
8.912167243669234795e-02
8.939579804074575253e-02
8.967076681621570511e-02
8.994658135657779274e-02
9.022324426328458269e-02
9.050075814579054689e-02
9.077912562157623710e-02
9.105834931617343142e-02
9.133843186318946206e-02
9.161937590433245904e-02
9.190118408943590000e-02
9.218385907648390942e-02
9.246740353163605819e-02
9.275182012925281549e-02
9.303711155192041782e-02
9.332328049047648733e-02
9.361032964403527556e-02
9.389826172001301818e-02
9.418707943415373374e-02
9.447678551055450902e-02
9.476738268169153379e-02
9.505887368844556651e-02
9.535126128012806623e-02
9.564454821450681099e-02
9.593873725783227946e-02
9.623383118486335264e-02
9.652983277889383429e-02
9.682674483177838853e-02
9.712457014395922683e-02
9.742331152449208720e-02
9.772297179107315712e-02
9.802355377006542747e-02
9.832506029652522683e-02
9.862749421422935259e-02
9.893085837570139707e-02
9.923515564223918395e-02
9.954038888394120543e-02
9.984656097973422517e-02
1.001536748173999375e-01
1.004617332936026813e-01
1.007707393139163493e-01
1.010806957928519212e-01
1.013916056538852889e-01
1.017034718294842627e-01
1.020162972611364793e-01
1.023300848993775186e-01
1.026448377038180204e-01
1.029605586431721481e-01
1.032772506952852193e-01
1.035949168471623633e-01
1.039135600949959715e-01
1.042331834441943966e-01
1.045537899094100970e-01
1.048753825145684881e-01
1.051979642928958653e-01
1.055215382869483520e-01
1.058461075486404751e-01
1.061716751392743074e-01
1.064982441295677790e-01
1.068258175996838338e-01
1.071543986392599623e-01
1.074839903474365810e-01
1.078145958328867171e-01
1.081462182138451522e-01
1.084788606181382314e-01
1.088125261832127155e-01
1.091472180561658262e-01
1.094829393937746809e-01
1.098196933625265465e-01
1.101574831386480241e-01
1.104963119081354278e-01
1.108361828667846494e-01
1.111770992202217312e-01
1.115190641839323982e-01
1.118620809832928109e-01
1.122061528536001940e-01
1.125512830401028258e-01
1.128974747980309584e-01
1.132447313926273763e-01
1.135930560991786492e-01
1.139424522030452885e-01
1.142929229996932361e-01
1.146444717947247144e-01
1.149971019039098402e-01
1.153508166532172391e-01
1.157056193788458115e-01
1.160615134272560828e-01
1.164185021552021221e-01
1.167765889297625592e-01
1.171357771283727950e-01
1.174960701388566287e-01
1.178574713594586487e-01
1.182199841988756661e-01
1.185836120762890911e-01
1.189483584213976708e-01
1.193142266744490060e-01
1.196812202862725660e-01
1.200493427183119410e-01
1.204185974426579958e-01
1.207889879420809137e-01
1.211605177100634756e-01
1.215331902508337975e-01
1.219070090793989009e-01
1.222819777215770620e-01
1.226580997140316320e-01
1.230353786043040798e-01
1.234138179508480065e-01
1.237934213230619251e-01
1.241741923013233162e-01
1.245561344770227535e-01
1.249392514525970721e-01
1.253235468415637988e-01
1.257090242685549586e-01
1.260956873693519220e-01
1.264835397909186976e-01
1.268725851914370428e-01
1.272628272403406036e-01
1.276542696183501080e-01
1.280469160175072008e-01
1.284407701412099423e-01
1.288358357042472813e-01
1.292321164328348038e-01
1.296296160646489837e-01
1.300283383488629041e-01
1.304282870461818400e-01
1.308294659288782302e-01
1.312318787808274823e-01
1.316355293975436380e-01
1.320404215862155117e-01
1.324465591657419672e-01
1.328539459667683331e-01
1.332625858317223466e-01
1.336724826148509293e-01
1.340836401822556867e-01
1.344960624119299342e-01
1.349097531937950567e-01
1.353247164297376459e-01
1.357409560336455268e-01
1.361584759314451165e-01
1.365772800611388393e-01
1.369973723728414305e-01
1.374187568288177119e-01
1.378414374035198398e-01
1.382654180836251079e-01
1.386907028680729459e-01
1.391172957681030553e-01
1.395452008072929906e-01
1.399744220215966561e-01
1.404049634593816376e-01
1.408368291814678097e-01
1.412700232611653894e-01
1.417045497843140156e-01
1.421404128493202745e-01
1.425776165671969187e-01
1.430161650616020297e-01
1.434560624688770158e-01
1.438973129380862748e-01
1.443399206310559124e-01
1.447838897224137389e-01
1.452292243996276544e-01
1.456759288630457283e-01
1.461240073259356120e-01
1.465734640145248124e-01
1.470243031680396051e-01
1.474765290387457239e-01
1.479301458919881074e-01
1.483851580062317543e-01
1.488415696731011373e-01
1.492993851974211694e-01
1.497586088972582274e-01
1.502192451039600363e-01
1.506812981621970249e-01
1.511447724300030993e-01
1.516096722788173035e-01
1.520760020935241763e-01
1.525437662724956622e-01
1.530129692276322728e-01
1.534836153844054696e-01
1.539557091818982981e-01
1.544292550728479652e-01
1.549042575236874997e-01
1.553807210145885243e-01
1.558586500395025831e-01
1.563380491062039135e-01
1.568189227363325500e-01
1.573012754654359857e-01
1.577851118430125543e-01
1.582704364325539792e-01
1.587572538115892551e-01
1.592455685717265867e-01
1.597353853186975203e-01
1.602267086724000755e-01
1.607195432669428492e-01
1.612138937506877867e-01
1.617097647862947574e-01
1.622071610507651307e-01
1.627060872354865184e-01
1.632065480462761287e-01
1.637085482034255635e-01
1.642120924417459216e-01
1.647171855106113192e-01
1.652238321740045202e-01
1.657320372105614281e-01
1.662418054136168555e-01
1.667531415912486825e-01
1.672660505663240149e-01
1.677805371765441755e-01
1.682966062744910840e-01
1.688142627276720542e-01
1.693335114185662293e-01
1.698543572446704897e-01
1.703768051185461929e-01
1.709008599678645546e-01
1.714265267354535549e-01
1.719538103793451511e-01
1.724827158728209908e-01
1.730132482044600128e-01
1.735454123781851321e-01
1.740792134133111457e-01
1.746146563445909738e-01
1.751517462222640098e-01
1.756904881121031659e-01
1.762308870954635565e-01
1.767729482693292942e-01
1.773166767463622284e-01
1.778620776549498794e-01
1.784091561392544545e-01
1.789579173592604211e-01
1.795083664908235233e-01
1.800605087257203529e-01
1.806143492716959786e-01
1.811698933525140998e-01
1.817271462080056743e-01
1.822861130941192398e-01
1.828467992829692912e-01
1.834092100628868238e-01
1.839733507384687938e-01
1.845392266306288553e-01
1.851068430766465434e-01
1.856762054302182885e-01
1.862473190615074603e-01
1.868201893571959649e-01
1.873948217205337607e-01
1.879712215713904011e-01
1.885493943463067978e-01
1.891293454985453204e-01
1.897110804981420040e-01
1.902946048319576478e-01
1.908799240037306055e-01
1.914670435341271904e-01
1.920559689607948262e-01
1.926467058384136732e-01
1.932392597387499467e-01
1.938336362507071808e-01
1.944298409803798255e-01
1.950278795511056484e-01
1.956277576035196364e-01
1.962294807956059539e-01
1.968330548027519000e-01
1.974384853178020871e-01
1.980457780511108989e-01
1.986549387305971415e-01
1.992659731017977220e-01
1.998788869279225777e-01
2.004936859899078549e-01
2.011103760864712819e-01
2.017289630341663476e-01
2.023494526674380622e-01
2.029718508386768316e-01
2.035961634182742730e-01
2.042223962946783378e-01
2.048505553744496277e-01
2.054806465823158790e-01
2.061126758612284171e-01
2.067466491724188893e-01
2.073825724954541927e-01
2.080204518282937620e-01
2.086602931873456912e-01
2.093021026075242985e-01
2.099458861423058043e-01
2.105916498637863399e-01
2.112393998627386249e-01
2.118891422486704479e-01
2.125408831498809270e-01
2.131946287135191298e-01
2.138503851056416938e-01
2.145081585112718070e-01
2.151679551344563290e-01
2.158297811983247716e-01
2.164936429451488065e-01
2.171595466363998583e-01
2.178274985528088903e-01
2.184975049944252734e-01
2.191695722806771829e-01
2.198437067504296905e-01
2.205199147620456046e-01
2.211982026934448953e-01
2.218785769421658394e-01
2.225610439254238626e-01
2.232456100801731569e-01
2.239322818631667711e-01
2.246210657510185615e-01
2.253119682402627555e-01
2.260049958474160681e-01
2.267001551090397360e-01
2.273974525817999137e-01
2.280968948425302623e-01
2.287984884882937053e-01
2.295022401364454068e-01
2.302081564246939438e-01
2.309162440111647563e-01
2.316265095744624580e-01
2.323389598137348966e-01
2.330536014487347429e-01
2.337704412198839676e-01
2.344894858883368738e-01
2.352107422360448230e-01
2.359342170658187410e-01
2.366599172013941210e-01
2.373878494874959721e-01
2.381180207899019352e-01
2.388504379955081192e-01
2.395851080123934940e-01
2.403220377698859767e-01
2.410612342186264356e-01
2.418027043306351653e-01
2.425464550993771395e-01
2.432924935398289579e-01
2.440408266885435717e-01
2.447914616037176472e-01
2.455444053652575676e-01
2.462996650748472682e-01
2.470572478560137120e-01
2.478171608541947790e-01
2.485794112368074904e-01
2.493440061933140939e-01
2.501109529352908423e-01
2.508802586964953840e-01
2.516519307329364019e-01
2.524259763229400599e-01
2.532024027672198918e-01
2.539812173889452462e-01
2.547624275338112310e-01
2.555460405701063253e-01
2.563320638887833791e-01
2.571205049035282242e-01
2.579113710508310620e-01
2.587046697900549641e-01
2.595004086035067048e-01
2.602985949965085921e-01
2.610992364974674129e-01
2.619023406579463198e-01
2.627079150527360518e-01
2.635159672799268771e-01
2.643265049609790363e-01
2.651395357407955178e-01
2.659550672877936672e-01
2.667731072939786841e-01
2.675936634750143428e-01
2.684167435702971005e-01
2.692423553430283722e-01
2.700705065802888050e-01
2.709012050931103865e-01
2.717344587165504977e-01
2.725702753097670739e-01
2.734086627560907146e-01
2.742496289631004003e-01
2.750931818626974334e-01
2.759393294111812112e-01
2.767880795893229440e-01
2.776394404024416507e-01
2.784934198804794869e-01
2.793500260780781841e-01
2.802092670746537673e-01
2.810711509744736047e-01
2.819356859067322918e-01
2.828028800256295883e-01
2.836727415104456362e-01
2.845452785656186756e-01
2.854204994208237034e-01
2.862984123310480244e-01
2.871790255766705213e-01
2.880623474635388703e-01
2.889483863230494776e-01
2.898371505122238623e-01
2.907286484137889260e-01
2.916228884362553342e-01
2.925198790139980631e-01
2.934196286073340598e-01
2.943221457026033994e-01
2.952274388122486104e-01
2.961355164748961100e-01
2.970463872554350293e-01
2.979600597450989818e-01
2.988765425615478866e-01
2.997958443489472935e-01
3.007179737780514284e-01
3.016429395462842389e-01
3.025707503778224949e-01
3.035014150236765018e-01
3.044349422617737000e-01
3.053713408970408216e-01
3.063106197614883230e-01
3.072527877142916530e-01
3.081978536418762404e-01
3.091458264580004833e-01
3.100967151038412362e-01
3.110505285480761328e-01
3.120072757869692404e-01
3.129669658444568237e-01
3.139296077722305012e-01
3.148952106498239534e-01
3.158637835846978548e-01
3.168353357123271374e-01
3.178098761962851460e-01
3.187874142283315115e-01
3.197679590284979168e-01
3.207515198451766913e-01
3.217381059552057998e-01
3.227277266639578812e-01
3.237203913054271243e-01
3.247161092423188622e-01
3.257148898661356706e-01
3.267167425972672401e-01
3.277216768850798601e-01
3.287297022080037379e-01
3.297408280736238706e-01
3.307550640187687518e-01
3.317724196096018541e-01
3.327929044417098359e-01
3.338165281401943574e-01
3.348433003597620639e-01
3.358732307848172893e-01
3.369063291295510965e-01
3.379426051380343687e-01
3.389820685843091264e-01
3.400247292724818404e-01
3.410705970368140827e-01
3.421196817418161729e-01
3.431719932823413255e-01
3.442275415836768548e-01
3.452863366016392099e-01
3.463483883226671223e-01
3.474137067639174181e-01
3.484823019733569449e-01
3.495541840298592717e-01
3.506293630432985586e-01
3.517078491546468677e-01
3.527896525360670887e-01
3.538747833910108054e-01
3.549632519543134412e-01
3.560550684922925146e-01
3.571502433028421741e-01
3.582487867155314532e-01
3.593507090917026914e-01
3.604560208245671249e-01
3.615647323393045842e-01
3.626768540931606943e-01
3.637923965755473499e-01
3.649113703081390825e-01
3.660337858449742021e-01
3.671596537725532183e-01
3.682889847099403702e-01
3.694217893088614368e-01
3.705580782538059892e-01
3.716978622621269213e-01
3.728411520841434790e-01
3.739879585032401810e-01
3.751382923359696808e-01
3.762921644321560177e-01
3.774495856749945921e-01
3.786105669811562491e-01
3.797751193008896964e-01
3.809432536181261986e-01
3.821149809505807737e-01
3.832903123498578313e-01
3.844692589015546447e-01
3.856518317253671002e-01
3.868380419751928367e-01
3.880279008392375495e-01
3.892214195401197951e-01
3.904186093349785724e-01
3.916194815155771281e-01
3.928240474084104261e-01
3.940323183748134506e-01
3.952443058110656771e-01
3.964600211485004300e-01
3.976794758536118524e-01
3.989026814281644295e-01
4.001296494092993483e-01
4.013603913696447978e-01
4.025949189174242715e-01
4.038332436965678118e-01
4.050753773868192020e-01
4.063213317038479877e-01
4.075711183993589448e-01
4.088247492612047118e-01
4.100822361134943694e-01
4.113435908167064059e-01
4.126088252678015711e-01
4.138779514003328996e-01
4.151509811845595643e-01
4.164279266275591751e-01
4.177087997733427982e-01
4.189936127029658119e-01
4.202823775346436475e-01
4.215751064238650869e-01
4.228718115635090036e-01
4.241725051839563276e-01
4.254771995532074524e-01
4.267859069769969760e-01
4.280986397989113290e-01
4.294154104005029615e-01
4.307362312014080818e-01
4.320611146594653951e-01
4.333900732708305670e-01
4.347231195700964057e-01
4.360602661304097127e-01
4.374015255635919086e-01
4.387469105202551622e-01
4.400964336899237384e-01
4.414501078011524582e-01
4.428079456216488241e-01
4.441699599583906477e-01
4.455361636577485074e-01
4.469065696056062631e-01
4.482811907274842356e-01
4.496600399886585553e-01
4.510431303942844528e-01
4.524304749895208255e-01
4.538220868596500868e-01
4.552179791302035095e-01
4.566181649670844056e-01
4.580226575766937480e-01
4.594314702060521283e-01
4.608446161429267107e-01
4.622621087159552444e-01
4.636839612947741274e-01
4.651101872901412526e-01
4.665408001540646277e-01
4.679758133799283293e-01
4.694152405026215669e-01
4.708590950986634160e-01
4.723073907863324372e-01
4.737601412257966826e-01
4.752173601192392072e-01
4.766790612109897962e-01
4.781452582876531410e-01
4.796159651782411770e-01
4.810911957543003714e-01
4.825709639300446163e-01
4.840552836624854582e-01
4.855441689515656578e-01
4.870376338402884753e-01
4.885356924148517854e-01
4.900383588047801386e-01
4.915456471830600971e-01
4.930575717662706858e-01
4.945741468147191733e-01
4.960953866325770178e-01
4.976213055680117625e-01
4.991519180133243139e-01
5.006872384050838898e-01
5.022272812242659645e-01
5.037720609963858287e-01
5.053215922916379776e-01
5.068758897250319473e-01
5.084349679565325353e-01
5.099988416911952482e-01
5.115675256793065229e-01
5.131410347165220598e-01
5.147193836440084880e-01
5.163025873485803663e-01
5.178906607628416259e-01
5.194836188653286779e-01
5.210814766806480813e-01
5.226842492796205386e-01
5.242919517794215611e-01
5.259045993437271305e-01
5.275222071828525872e-01
5.291447905538985141e-01
5.307723647608939554e-01
5.324049451549421885e-01
5.340425471343629438e-01
5.356851861448395091e-01
5.373328776795632811e-01
5.389856372793822015e-01
5.406434805329439763e-01
5.423064230768449567e-01
5.439744805957786866e-01
5.456476688226814531e-01
5.473260035388819444e-01
5.490095005742495760e-01
5.506981758073460353e-01
5.523920451655711661e-01
5.540911246253161782e-01
5.557954302121125290e-01
5.575049780007859113e-01
5.592197841156038018e-01
5.609398647304306706e-01
5.626652360688785270e-01
5.643959144044629062e-01
5.661319160607525269e-01
5.678732574115250564e-01
5.696199548809232072e-01
5.713720249436066156e-01
5.731294841249089389e-01
5.748923490009928416e-01
5.766606361990088692e-01
5.784343623972482140e-01
5.802135443253031433e-01
5.819981987642227628e-01
5.837883425466743326e-01
5.855839925570982540e-01
5.873851657318694963e-01
5.891918790594563582e-01
5.910041495805831158e-01
5.928219943883870080e-01
5.946454306285814395e-01
5.964744754996194054e-01
5.983091462528519200e-01
6.001494601926934402e-01
6.019954346767837361e-01
6.038470871161540909e-01
6.057044349753876178e-01
6.075674957727867920e-01
6.094362870805372090e-01
6.113108265248760054e-01
6.131911317862539512e-01
6.150772205995052033e-01
6.169691107540132835e-01
6.188668200938809427e-01
6.207703665180950292e-01
6.226797679806971297e-01
6.245950424909548770e-01
6.265162081135279282e-01
6.284432829686409372e-01
6.303762852322530863e-01
6.323152331362321688e-01
6.342601449685225656e-01
6.362110390733207721e-01
6.381679338512462607e-01
6.401308477595187840e-01
6.420997993121272396e-01
6.440748070800081937e-01
6.460558896912186322e-01
6.480430658311151504e-01
6.500363542425254826e-01
6.520357737259280251e-01
6.540413431396305821e-01
6.560530813999444488e-01
6.580710074813653776e-01
6.600951404167514358e-01
6.621254992975050824e-01
6.641621032737491381e-01
6.662049715545101947e-01
6.682541234078983594e-01
6.703095781612916637e-01
6.723713552015146977e-01
6.744394739750233514e-01
6.765139539880878905e-01
6.785948148069788077e-01
6.806820760581475671e-01
6.827757574284141207e-01
6.848758786651540920e-01
6.869824595764812969e-01
6.890955200314370366e-01
6.912150799601763929e-01
6.933411593541588536e-01
6.954737782663326096e-01
6.976129568113266233e-01
6.997587151656390336e-01
7.019110735678297797e-01
7.040700523187081172e-01
7.062356717815259088e-01
7.084079523821691371e-01
7.105869146093528599e-01
7.127725790148105034e-01
7.149649662134894834e-01
7.171640968837483809e-01
7.193699917675469013e-01
7.215826716706450483e-01
7.238021574627976351e-01
7.260284700779541245e-01
7.282616305144512525e-01
7.305016598352149781e-01
7.327485791679566596e-01
7.350024097053758920e-01
7.372631727053556849e-01
7.395308894911660769e-01
7.418055814516636426e-01
7.440872700414965513e-01
7.463759767813017421e-01
7.486717232579108705e-01
7.509745311245559218e-01
7.532844221010686070e-01
7.556014179740888626e-01
7.579255405972680215e-01
7.602568118914789785e-01
7.625952538450173623e-01
7.649408885138125891e-01
7.672937380216343639e-01
7.696538245603040673e-01
7.720211703898999245e-01
7.743957978389692798e-01
7.767777293047387621e-01
7.791669872533274477e-01
7.815635942199551378e-01
7.839675728091565210e-01
7.863789456949968892e-01
7.887977356212816371e-01
7.912239654017734214e-01
7.936576579204061010e-01
7.960988361315037842e-01
7.985475230599923258e-01
8.010037418016194843e-01
8.034675155231719712e-01
8.059388674626963844e-01
8.084178209297137041e-01
8.109043993054428912e-01
8.133986260430189352e-01
8.159005246677180079e-01
8.184101187771744002e-01
8.209274320416051207e-01
8.234524882040359373e-01
8.259853110805204235e-01
8.285259245603675549e-01
8.310743526063658626e-01
8.336306192550123617e-01
8.361947486167342625e-01
8.387667648761202299e-01
8.413466922921462032e-01
8.439345551984078764e-01
8.465303780033449632e-01
8.491341851904751215e-01
8.517460013186228807e-01
8.543658510221547875e-01
8.569937590112066683e-01
8.596297500719191076e-01
8.622738490666740363e-01
8.649260809343239931e-01
8.675864706904306001e-01
8.702550434274989311e-01
8.729318243152178747e-01
8.756168386006917270e-01
8.783101116086825533e-01
8.810116687418466652e-01
8.837215354809780932e-01
8.864397373852432871e-01
8.891663000924263649e-01
8.919012493191683655e-01
8.946446108612138293e-01
8.973964105936488300e-01
9.001566744711473333e-01
9.029254285282189985e-01
9.057026988794492084e-01
9.084885117197489812e-01
9.112828933246002183e-01
9.140858700503072809e-01
9.168974683342400178e-01
9.197177146950866744e-01
9.225466357331025824e-01
9.253842581303641790e-01
9.282306086510154763e-01
9.310857141415241900e-01
9.339496015309328714e-01
9.368222978311169236e-01
9.397038301370335134e-01
9.425942256269802533e-01
9.454935115628539943e-01
9.484017152904024028e-01
9.513188642394858618e-01
9.542449859243342658e-01
9.571801079438099213e-01
9.601242579816627876e-01
9.630774638067948201e-01
9.660397532735202075e-01
9.690111543218321577e-01
9.719916949776603587e-01
9.749814033531388757e-01
9.779803076468703837e-01
9.809884361441948419e-01
9.840058172174511730e-01
9.870324793262476026e-01
9.900684510177329978e-01
9.931137609268602118e-01
9.961684377766601983e-01
9.992325103785107965e-01
1.002306007632412621e+00
1.005388958527255294e+00
1.008481392141095778e+00
1.011583337641429381e+00
1.014694824285469865e+00
1.017815881420418567e+00
1.020946538483746391e+00
1.024086825003468038e+00
1.027236770598425553e+00
1.030396404978561220e+00
1.033565757945200669e+00
1.036744859391337759e+00
1.039933739301909243e+00
1.043132427754082991e+00
1.046340954917538202e+00
1.049559351054755396e+00
1.052787646521294640e+00
1.056025871766087088e+00
1.059274057331718533e+00
1.062532233854723396e+00
1.065800432065865833e+00
1.069078682790435497e+00
1.072367016948533980e+00
1.075665465555372791e+00
1.078974059721558465e+00
1.082292830653389215e+00
1.085621809653152248e+00
1.088961028119413976e+00
1.092310517547318227e+00
1.095670309528882891e+00
1.099040435753301903e+00
1.102420928007237233e+00
1.105811818175122641e+00
1.109213138239463659e+00
1.112624920281142238e+00
1.116047196479713177e+00
1.119479999113712543e+00
1.122923360560959205e+00
1.126377313298864813e+00
1.129841889904733998e+00
1.133317123056074127e+00
1.136803045530907497e+00
1.140299690208073757e+00
1.143807090067543886e+00
1.147325278190729492e+00
1.150854287760800121e+00
1.154394152062987233e+00
1.157944904484905502e+00
1.161506578516862787e+00
1.165079207752182766e+00
1.168662825887513357e+00
1.172257466723150010e+00
1.175863164163351904e+00
1.179479952216666128e+00
1.183107864996242320e+00
1.186746936720156631e+00
1.190397201711739017e+00
1.194058694399889653e+00
1.197731449319408226e+00
1.201415501111317230e+00
1.205110884523193926e+00
1.208817634409490305e+00
1.212535785731867044e+00
1.216265373559520357e+00
1.220006433069518614e+00
1.223758999547125859e+00
1.227523108386139539e+00
1.231298795089222686e+00
1.235086095268242756e+00
1.238885044644600919e+00
1.242695679049571789e+00
1.246518034424646260e+00
1.250352146821861909e+00
1.254198052404148722e+00
1.258055787445667484e+00
1.261925388332156617e+00
1.265806891561268355e+00
1.269700333742918241e+00
1.273605751599626634e+00
1.277523181966871313e+00
1.281452661793426984e+00
1.285394228141718997e+00
1.289347918188169517e+00
1.293313769223554788e+00
1.297291818653347972e+00
1.301282103998075756e+00
1.305284662893677172e+00
1.309299533091849543e+00
1.313326752460411084e+00
1.317366358983653951e+00
1.321418390762709283e+00
1.325482886015897144e+00
1.329559883079093563e+00
1.333649420406088915e+00
1.337751536568955846e+00
1.341866270258405214e+00
1.345993660284156457e+00
1.350133745575300637e+00
1.354286565180673474e+00
1.358452158269215060e+00
1.362630564130343780e+00
1.366821822174330681e+00
1.371025971932663179e+00
1.375243053058423204e+00
1.379473105326658677e+00
1.383716168634763655e+00
1.387972283002847584e+00
1.392241488574116559e+00
1.396523825615250569e+00
1.400819334516788306e+00
1.405128055793499975e+00
1.409450030084774319e+00
1.413785298155000536e+00
1.418133900893956856e+00
1.422495879317188239e+00
1.426871274566398506e+00
1.431260127909840918e+00
1.435662480742700309e+00
1.440078374587488108e+00
1.444507851094432471e+00
1.448950952041875073e+00
1.453407719336658133e+00
1.457878195014524980e+00
1.462362421240512633e+00
1.466860440309357028e+00
1.471372294645882040e+00
1.475898026805405383e+00
1.480437679474137624e+00
1.484991295469590966e+00
1.489558917740972932e+00
1.494140589369597150e+00
1.498736353569293689e+00
1.503346253686808076e+00
1.507970333202214963e+00
1.512608635729326689e+00
1.517261205016109615e+00
1.521928084945088466e+00
1.526609319533765774e+00
1.531304952935033992e+00
1.536015029437598045e+00
1.540739593466384560e+00
1.545478689582965748e+00
1.550232362485978177e+00
1.555000657011549103e+00
1.559783618133710803e+00
1.564581290964829119e+00
1.569393720756034671e+00
1.574220952897638082e+00
1.579063032919566734e+00
1.583920006491789767e+00
1.588791919424755283e+00
1.593678817669812897e+00
1.598580747319654050e+00
1.603497754608742776e+00
1.608429885913758683e+00
1.613377187754024833e+00
1.618339706791952715e+00
1.623317489833478788e+00
1.628310583828512792e+00
1.633319035871371616e+00
1.638342893201226502e+00
1.643382203202555569e+00
1.648437013405579021e+00
1.653507371486715449e+00
1.658593325269027918e+00
1.663694922722680714e+00
1.668812211965382986e+00
1.673945241262849049e+00
1.679094059029249131e+00
1.684258713827674780e+00
1.689439254370584509e+00
1.694635729520272083e+00
1.699848188289322382e+00
1.705076679841081466e+00
1.710321253490109772e+00
1.715581958702652177e+00
1.720858845097109624e+00
1.726151962444497645e+00
1.731461360668921534e+00
1.736787089848044419e+00
1.742129200213566875e+00
1.747487742151689005e+00
1.752862766203594491e+00
1.758254323065921554e+00
1.763662463591250118e+00
1.769087238788570327e+00
1.774528699823769928e+00
1.779986898020114117e+00
1.785461884858736470e+00
1.790953711979113905e+00
1.796462431179559172e+00
1.801988094417714237e+00
1.807530753811030566e+00
1.813090461637266948e+00
1.818667270334979102e+00
1.824261232504022390e+00
1.829872400906036090e+00
1.835500828464948109e+00
1.841146568267471695e+00
1.846809673563612586e+00
1.852490197767160396e+00
1.858188194456199760e+00
1.863903717373612157e+00
1.869636820427590163e+00
1.875387557692134388e+00
1.881155983407569732e+00
1.886942151981062077e+00
1.892746117987120336e+00
1.898567936168119141e+00
1.904407661434810439e+00
1.910265348866849733e+00
1.916141053713304343e+00
1.922034831393181209e+00
1.927946737495946916e+00
1.933876827782058605e+00
1.939825158183479337e+00
1.945791784804212332e+00
1.951776763920827662e+00
1.957780151982998929e+00
1.963802005614025958e+00
1.969842381611373261e+00
1.975901336947212483e+00
1.981978928768947545e+00
1.988075214399761315e+00
1.994190251339152953e+00
2.000324097263488365e+00
2.006476810026530888e+00
2.012648447659996176e+00
2.018839068374095547e+00
2.025048730558091759e+00
2.031277492780839911e+00
2.037525413791346107e+00
2.043792552519316796e+00
2.050078968075725427e+00
2.056384719753356460e+00
2.062709867027368915e+00
2.069054469555866582e+00
2.075418587180446472e+00
2.081802279926772137e+00
2.088205608005134106e+00
2.094628631811029873e+00
2.101071411925716781e+00
2.107534009116793783e+00
2.114016484338771207e+00
2.120518898733652069e+00
2.127041313631497843e+00
2.133583790551014658e+00
2.140146391200128395e+00
2.146729177476577544e+00
2.153332211468481638e+00
2.159955555454935006e+00
2.166599271906600510e+00
2.173263423486284207e+00
2.179948073049537527e+00
2.186653283645243473e+00
2.193379118516221915e+00
2.200125641099810903e+00
2.206892915028475954e+00
2.213681004130404695e+00
2.220489972430117032e+00
2.227319884149057128e+00
2.234170803706208019e+00
2.241042795718692915e+00
2.247935925002395141e+00
2.254850256572556777e+00
2.261785855644396381e+00
2.268742787633732494e+00
2.275721118157586709e+00
2.282720913034811172e+00
2.289742238286705422e+00
2.296785160137647885e+00
2.303849745015707384e+00
2.310936059553277300e+00
2.318044170587701736e+00
2.325174145161913231e+00
2.332326050525051819e+00
2.339499954133108961e+00
2.346695923649558591e+00
2.353914026946004601e+00
2.361154332102808340e+00
2.368416907409735650e+00
2.375701821366609234e+00
2.383009142683940595e+00
2.390338940283587732e+00
2.397691283299399956e+00
2.405066241077878697e+00
2.412463883178819213e+00
2.419884279375974945e+00
2.427327499657711218e+00
2.434793614227674929e+00
2.442282693505441582e+00
2.449794808127189860e+00
2.457330028946363321e+00
2.464888427034348073e+00
2.472470073681127367e+00
2.480075040395963715e+00
2.487703398908077901e+00
2.495355221167313342e+00
2.503030579344823092e+00
2.510729545833745302e+00
2.518452193249897775e+00
2.526198594432445432e+00
2.533968822444600200e+00
2.541762950574301794e+00
2.549581052334922049e+00
2.557423201465941709e+00
2.565289471933655641e+00
2.573179937931866501e+00
2.581094673882593948e+00
2.589033754436762091e+00
2.596997254474912697e+00
2.604985249107906409e+00
2.612997813677643055e+00
2.621035023757754434e+00
2.629096955154327730e+00
2.637183683906625387e+00
2.645295286287788095e+00
2.653431838805564880e+00
2.661593418203028971e+00
2.669780101459312771e+00
2.677991965790316620e+00
2.686229088649449093e+00
2.694491547728352643e+00
2.702779420957644785e+00
2.711092786507639740e+00
2.719431722789094064e+00
2.727796308453942942e+00
2.736186622396050705e+00
2.744602743751941798e+00
2.753044751901550846e+00
2.761512726468984713e+00
2.770006747323252139e+00
2.778526894579032014e+00
2.787073248597420783e+00
2.795645889986702937e+00
2.804244899603094421e+00
2.812870358551515793e+00
2.821522348186352946e+00
2.830200950112232938e+00
2.838906246184780713e+00
2.847638318511398925e+00
2.856397249452038878e+00
2.865183121619986562e+00
2.873996017882628262e+00
2.882836021362236600e+00
2.891703215436766339e+00
2.900597683740622212e+00
2.909519510165458733e+00
2.918468778860966228e+00
2.927445574235677750e+00
2.936449980957744899e+00
2.945482083955749619e+00
2.954541968419499121e+00
2.963629719800842111e+00
2.972745423814454391e+00
2.981889166438662642e+00
2.991061033916247336e+00
3.000261112755266968e+00
3.009489489729859635e+00
3.018746251881067266e+00
3.028031486517666515e+00
3.037345281216975224e+00
3.046687723825688643e+00
3.056058902460703219e+00
3.065458905509960807e+00
3.074887821633260909e+00
3.084345739763111993e+00
3.093832749105563718e+00
3.103348939141059137e+00
3.112894399625262487e+00
3.122469220589914496e+00
3.132073492343680154e+00
3.141707305473009360e+00
3.151370750842972690e+00
3.161063919598130934e+00
3.170786903163399728e+00
3.180539793244897329e+00
3.190322681830818574e+00
3.200135661192298642e+00
3.209978823884295007e+00
3.219852262746441429e+00
3.229756070903935683e+00
3.239690341768413973e+00
3.249655169038841329e+00
3.259650646702378474e+00
3.269676869035280209e+00
3.279733930603779601e+00
3.289821926264990370e+00
3.299940951167783965e+00
3.310091100753696391e+00
3.320272470757838157e+00
3.330485157209777558e+00
3.340729256434458616e+00
3.351004865053105242e+00
3.361312079984143608e+00
3.371650998444096992e+00
3.382021717948517026e+00
3.392424336312895417e+00
3.402858951653600972e+00
3.413325662388783321e+00
3.423824567239317496e+00
3.434355765229724966e+00
3.444919355689123552e+00
3.455515438252142690e+00
3.466144112859873783e+00
3.476805479760823658e+00
3.487499639511838723e+00
3.498226692979066854e+00
3.508986741338903315e+00
3.519779886078957087e+00
3.530606228998989238e+00
3.541465872211885024e+00
3.552358918144611355e+00
3.563285469539196004e+00
3.574245629453677076e+00
3.585239501263087103e+00
3.596267188660422054e+00
3.607328795657634313e+00
3.618424426586590581e+00
3.629554186100067970e+00
3.640718179172751867e+00
3.651916511102203167e+00
3.663149287509867680e+00
3.674416614342063347e+00
3.685718597870995428e+00
3.697055344695736157e+00
3.708426961743244821e+00
3.719833556269369179e+00
3.731275235859873085e+00
3.742752108431425917e+00
3.754264282232637751e+00
3.765811865845073214e+00
3.777394968184288881e+00
3.789013698500838245e+00
3.800668166381315327e+00
3.812358481749396955e+00
3.824084754866859281e+00
3.835847096334631168e+00
3.847645617093830239e+00
3.859480428426825593e+00
3.871351641958262757e+00
3.883259369656133053e+00
3.895203723832821652e+00
3.907184817146181821e+00
3.919202762600574985e+00
3.931257673547952081e+00
3.943349663688914486e+00
3.955478847073801596e+00
3.967645338103745090e+00
3.979849251531756504e+00
3.992090702463824581e+00
4.004369806359975748e+00
4.016686679035377239e+00
4.029041436661426445e+00
4.041434195766856696e+00
4.053865073238816841e+00
4.066334186323985911e+00
4.078841652629676240e+00
4.091387590124953455e+00
4.103972117141727161e+00
4.116595352375883365e+00
4.129257414888395594e+00
4.141958424106466197e+00
4.154698499824623248e+00
4.167477762205868075e+00
4.180296331782816566e+00
4.193154329458816498e+00
4.206051876509097731e+00
4.218989094581914401e+00
4.231966105699703995e+00
4.244983032260216227e+00
4.258039997037682767e+00
4.271137123183966544e+00
4.284274534229740361e+00
4.297452354085629977e+00
4.310670707043394501e+00
4.323929717777091675e+00
4.337229511344275146e+00
4.350570213187141100e+00
4.363951949133729968e+00
4.377374845399126357e+00
4.390839028586617232e+00
4.404344625688910497e+00
4.417891764089321605e+00
4.431480571562989468e+00
4.445111176278060405e+00
4.458783706796912050e+00
4.472498292077355941e+00
4.486255061473872985e+00
4.500054144738807160e+00
4.513895672023608086e+00
4.527779773880045155e+00
4.541706581261463427e+00
4.555676225523985323e+00
4.569688838427767408e+00
4.583744552138256267e+00
4.597843499227405317e+00
4.611985812674945784e+00
4.626171625869630155e+00
4.640401072610512045e+00
4.654674287108175434e+00
4.668991403986023414e+00
4.683352558281534961e+00
4.697757885447560788e+00
4.712207521353571238e+00
4.726701602286956572e+00
4.741240264954300621e+00
4.755823646482695288e+00
4.770451884420999988e+00
4.785125116741152596e+00
4.799843481839491055e+00
4.814607118538024366e+00
4.829416166085763962e+00
4.844270764160025777e+00
4.859171052867768736e+00
4.874117172746885274e+00
4.889109264767548702e+00
4.904147470333530379e+00
4.919231931283554182e+00
4.934362789892606571e+00
4.949540188873295499e+00
4.964764271377187121e+00
4.980035180996178035e+00
4.995353061763815994e+00
5.010718058156677479e+00
5.026130315095742596e+00
5.041589977947732670e+00
5.057097192526501139e+00
5.072652105094398678e+00
5.088254862363676523e+00
5.103905611497832062e+00
5.119604500113025480e+00
5.135351676279456434e+00
5.151147288522783363e+00
5.166991485825492170e+00
5.182884417628324414e+00
5.198826233831673527e+00
5.214817084797021884e+00
5.230857121348327254e+00
5.246946494773458092e+00
5.263085356825642158e+00
5.279273859724858298e+00
5.295512156159301931e+00
5.311800399286808805e+00
5.328138742736320488e+00
5.344527340609306343e+00
5.360966347481234351e+00
5.377455918403017066e+00
5.393996208902501088e+00
5.410587374985897036e+00
5.427229573139273455e+00
5.443922960330022320e+00
5.460667694008361828e+00
5.477463932108788569e+00
5.494311833051582994e+00
5.511211555744319313e+00
5.528163259583334543e+00
5.545167104455249074e+00
5.562223250738467684e+00
5.579331859304713426e+00
5.596493091520510887e+00
5.613707109248729843e+00
5.630974074850102262e+00
5.648294151184776624e+00
5.665667501613817159e+00
5.683094290000770599e+00
5.700574680713198283e+00
5.718108838624250012e+00
5.735696929114185494e+00
5.753339118071950864e+00
5.771035571896757865e+00
5.788786457499624838e+00
5.806591942304966558e+00
5.824452194252169868e+00
5.842367381797194170e+00
5.860337673914127521e+00
5.878363240096806663e+00
5.896444250360397987e+00
5.914580875243031777e+00
5.932773285807369845e+00
5.951021653642242448e+00
5.969326150864260327e+00
5.987686950119456064e+00
6.006104224584880136e+00
6.024578147970249375e+00
6.043108894519607865e+00
6.061696639012928323e+00
6.080341556767790756e+00
6.099043823641018491e+00
6.117803616030365710e+00
6.136621110876141927e+00
6.155496485662905748e+00
6.174429918421127539e+00
6.193421587728892064e+00
6.212471672713546944e+00
6.231580353053415955e+00
6.250747808979480347e+00
6.269974221277108128e+00
6.289259771287716738e+00
6.308604640910502326e+00
6.328009012604178807e+00
6.347473069388657407e+00
6.366996994846799041e+00
6.386580973126131155e+00
6.406225188940615212e+00
6.425929827572345765e+00
6.445695074873324160e+00
6.465521117267202023e+00
6.485408141751060285e+00
6.505356335897138464e+00
6.525365887854628788e+00
6.545436986351435671e+00
6.565569820695984049e+00
6.585764580778965538e+00
6.606021457075147651e+00
6.626340640645191904e+00
6.646722323137413291e+00
6.667166696789619706e+00
6.687673954430906065e+00
6.708244289483502598e+00
6.728877895964560985e+00
6.749574968488005311e+00
6.770335702266359057e+00
6.791160293112614710e+00
6.812048937442032326e+00
6.833001832274028686e+00
6.854019175234014938e+00
6.875101164555291078e+00
6.896247999080873825e+00
6.917459878265393769e+00
6.938737002176995183e+00
6.960079571499183437e+00
6.981487787532744349e+00
7.002961852197628900e+00
7.024501968034888577e+00
7.046108338208536992e+00
7.067781166507502988e+00
7.089520657347531341e+00
7.111327015773142968e+00
7.133200447459524973e+00
7.155141158714498850e+00
7.177149356480453157e+00
7.199225248336322380e+00
7.221369042499505397e+00
7.243580947827844341e+00
7.265861173821622998e+00
7.288209930625495048e+00
7.310627429030497559e+00
7.333113880476022750e+00
7.355669497051843031e+00
7.378294491500065888e+00
7.400989077217172252e+00
7.423753468256009569e+00
7.446587879327848825e+00
7.469492525804355409e+00
7.492467623719657688e+00
7.515513389772364938e+00
7.538630041327644804e+00
7.561817796419225246e+00
7.585076873751474658e+00
7.608407492701490860e+00
7.631809873321118154e+00
7.655284236339058523e+00
7.678830803162934870e+00
7.702449795881413763e+00
7.726141437266250023e+00
7.749905950774421903e+00
7.773743560550220089e+00
7.797654491427396195e+00
7.821638968931234004e+00
7.845697219280709511e+00
7.869829469390608345e+00
7.894035946873696474e+00
7.918316880042821637e+00
7.942672497913089380e+00
7.967103030204047087e+00
7.991608707341802287e+00
8.016189760461228886e+00
8.040846421408131661e+00
8.065578922741462264e+00
8.090387497735466837e+00
8.115272380381920669e+00
8.140233805392314892e+00
8.165272008200101794e+00
8.190387224962872637e+00
8.215579692564611847e+00
8.240849648617919243e+00
8.266197331466278442e+00
8.291622980186261316e+00
8.317126834589807061e+00
8.342709135226504813e+00
8.368370123385814097e+00
8.394110041099375863e+00
8.419929131143280898e+00
8.445827637040384417e+00
8.471805803062563811e+00
8.497863874233043902e+00
8.524002096328704425e+00
8.550220715882421274e+00
8.576519980185345560e+00
8.602900137289267946e+00
8.629361436008947450e+00
8.655904125924484660e+00
8.682528457383623888e+00
8.709234681504149478e+00
8.736023050176269678e+00
8.762893816064950769e+00
8.789847232612322259e+00
8.816883554040062521e+00
8.844003035351823527e+00
8.871205932335584521e+00
8.898492501566106938e+00
8.925863000407321834e+00
8.953317687014809678e+00
8.980856820338170010e+00
9.008480660123504791e+00
9.036189466915848456e+00
9.063983502061665476e+00
9.091863027711250211e+00
9.119828306821240460e+00
9.147879603157118567e+00
9.176017181295641478e+00
9.204241306627377384e+00
9.232552245359187282e+00
9.260950264516777608e+00
9.289435631947156935e+00
9.318008616321206361e+00
9.346669487136185950e+00
9.375418514718322882e+00
9.404255970225301908e+00
9.433182125648855276e+00
9.462197253817318909e+00
9.491301628398232992e+00
9.520495523900876833e+00
9.549779215678880107e+00
9.579152979932846534e+00
9.608617093712906509e+00
9.638171834921370973e+00
9.667817482315321342e+00
9.697554315509293588e+00
9.727382614977843289e+00
9.757302662058238596e+00
9.787314738953089233e+00
9.817419128733050115e+00
9.847616115339434373e+00
9.877905983586925842e+00
9.908289019166245382e+00
9.938765508646893565e+00
9.969335739479785019e+00
1.000000000000000000e+01
