# class_covariance(KMIN=0.001, KMAX = 10, n=3000, RMIN = 0.001, RMAX = 180, n2 = 181, N_y = 50,                         b = 2.0, f = 0.74, s=0.0, nn=0, rscale = 'lin', kscale='lin')
1.795000027777777802e+02
1.785000083333333407e+02
1.775000138888888728e+02
1.765000194444444332e+02
1.755000249999999937e+02
1.745000305555555542e+02
1.735000361111111147e+02
1.725000416666666752e+02
1.715000472222222072e+02
1.705000527777777677e+02
1.695000583333333282e+02
1.685000638888888886e+02
1.675000694444444491e+02
1.665000750000000096e+02
1.655000805555555417e+02
1.645000861111111021e+02
1.635000916666666626e+02
1.625000972222222231e+02
1.615001027777777836e+02
1.605001083333333156e+02
1.595001138888888761e+02
1.585001194444444366e+02
1.575001249999999970e+02
1.565001305555555575e+02
1.555001361111111180e+02
1.545001416666666785e+02
1.535001472222222105e+02
1.525001527777777710e+02
1.515001583333333315e+02
1.505001638888888920e+02
1.495001694444444524e+02
1.485001749999999845e+02
1.475001805555555450e+02
1.465001861111111054e+02
1.455001916666666659e+02
1.445001972222222264e+02
1.435002027777777869e+02
1.425002083333333474e+02
1.415002138888888794e+02
1.405002194444444399e+02
1.395002250000000004e+02
1.385002305555555608e+02
1.375002361111110929e+02
1.365002416666666534e+02
1.355002472222222138e+02
1.345002527777777743e+02
1.335002583333333348e+02
1.325002638888888953e+02
1.315002694444444558e+02
1.305002750000000162e+02
1.295002805555555483e+02
1.285002861111111088e+02
1.275002916666666692e+02
1.265002972222222297e+02
1.255003027777777760e+02
1.245003083333333365e+02
1.235003138888888827e+02
1.225003194444444432e+02
1.215003250000000037e+02
1.205003305555555642e+02
1.195003361111111104e+02
1.185003416666666567e+02
1.175003472222222172e+02
1.165003527777777776e+02
1.155003583333333381e+02
1.145003638888888844e+02
1.135003694444444449e+02
1.125003750000000053e+02
1.115003805555555516e+02
1.105003861111111121e+02
1.095003916666666726e+02
1.085003972222222188e+02
1.075004027777777793e+02
1.065004083333333398e+02
1.055004138888888860e+02
1.045004194444444465e+02
1.035004250000000070e+02
1.025004305555555533e+02
1.015004361111111137e+02
1.005004416666666600e+02
9.950044722222222049e+01
9.850045277777778097e+01
9.750045833333332723e+01
9.650046388888888771e+01
9.550046944444444819e+01
9.450047499999999445e+01
9.350048055555555493e+01
9.250048611111111541e+01
9.150049166666666167e+01
9.050049722222222215e+01
8.950050277777778263e+01
8.850050833333332889e+01
8.750051388888888937e+01
8.650051944444444985e+01
8.550052499999999611e+01
8.450053055555555659e+01
8.350053611111111707e+01
8.250054166666666333e+01
8.150054722222222381e+01
8.050055277777778429e+01
7.950055833333333055e+01
7.850056388888889103e+01
7.750056944444445151e+01
7.650057499999999777e+01
7.550058055555555825e+01
7.450058611111111873e+01
7.350059166666666499e+01
7.250059722222222547e+01
7.150060277777778595e+01
7.050060833333333221e+01
6.950061388888889269e+01
6.850061944444445317e+01
6.750062499999999943e+01
6.650063055555555991e+01
6.550063611111110617e+01
6.450064166666666665e+01
6.350064722222222713e+01
6.250065277777777339e+01
6.150065833333333387e+01
6.050066388888889435e+01
5.950066944444444061e+01
5.850067500000000109e+01
5.750068055555556157e+01
5.650068611111110783e+01
5.550069166666666831e+01
5.450069722222222879e+01
5.350070277777777505e+01
5.250070833333333553e+01
5.150071388888889601e+01
5.050071944444445649e+01
4.950072499999998854e+01
4.850073055555554902e+01
4.750073611111110949e+01
4.650074166666666997e+01
4.550074722222223045e+01
4.450075277777779093e+01
4.350075833333332298e+01
4.250076388888888346e+01
4.150076944444444393e+01
4.050077500000000441e+01
3.950078055555556489e+01
3.850078611111112536e+01
3.750079166666665742e+01
3.650079722222221790e+01
3.550080277777777837e+01
3.450080833333333885e+01
3.350081388888889933e+01
3.250081944444445980e+01
3.150082499999999541e+01
3.050083055555555589e+01
2.950083611111111637e+01
2.850084166666667684e+01
2.750084722222223732e+01
2.650085277777779780e+01
2.550085833333332985e+01
2.450086388888889033e+01
2.350086944444445081e+01
2.250087500000001128e+01
2.150088055555557176e+01
2.050088611111110382e+01
1.950089166666666429e+01
1.850089722222222477e+01
1.750090277777778525e+01
1.650090833333334572e+01
1.550091388888890442e+01
1.450091944444443648e+01
1.350092499999999696e+01
1.250093055555555743e+01
1.150093611111111791e+01
1.050094166666667839e+01
9.500947222222238864e+00
8.500952777777770919e+00
7.500958333333332284e+00
6.500963888888892761e+00
5.500969444444453238e+00
4.500975000000013715e+00
3.500980555555574192e+00
2.500986111111106247e+00
1.500991666666666502e+00
5.009972222222222049e-01
