# r1, r2, mask (1==failed, 2==success)
194.5000275 199.5000025 0
193.5000325 198.5000075 0
192.5000375 197.5000125 0
191.5000425 196.5000175 0
190.5000475 195.5000225 0
189.5000525 194.5000275 0
188.5000575 193.5000325 0
187.5000625 192.5000375 0
186.5000675 191.5000425 0
185.5000725 190.5000475 0
184.5000775 189.5000525 0
183.5000825 188.5000575 0
182.5000875 187.5000625 0
181.5000925 186.5000675 0
180.5000975 185.5000725 0
179.5001025 184.5000775 0
178.5001075 183.5000825 0
177.5001125 182.5000875 0
176.5001175 181.5000925 0
175.5001225 180.5000975 0
174.5001275 179.5001025 0
173.5001325 178.5001075 1
172.5001375 177.5001125 1
171.5001425 176.5001175 1
170.5001475 175.5001225 1
169.5001525 174.5001275 1
168.5001575 173.5001325 1
167.5001625 172.5001375 1
166.5001675 171.5001425 1
165.5001725 170.5001475 1
164.5001775 169.5001525 1
163.5001825 168.5001575 1
162.5001875 167.5001625 1
161.5001925 166.5001675 1
160.5001975 165.5001725 1
159.5002025 164.5001775 1
158.5002075 163.5001825 1
157.5002125 162.5001875 1
156.5002175 161.5001925 1
155.5002225 160.5001975 1
154.5002275 159.5002025 1
153.5002325 158.5002075 1
152.5002375 157.5002125 0
151.5002425 156.5002175 0
150.5002475 155.5002225 0
149.5002525 154.5002275 0
148.5002575 153.5002325 0
147.5002625 152.5002375 0
146.5002675 151.5002425 0
145.5002725 150.5002475 0
144.5002775 149.5002525 0
143.5002825 148.5002575 0
142.5002875 147.5002625 0
141.5002925 146.5002675 0
140.5002975 145.5002725 0
139.5003025 144.5002775 0
138.5003075 143.5002825 0
137.5003125 142.5002875 0
136.5003175 141.5002925 0
135.5003225 140.5002975 0
134.5003275 139.5003025 0
133.5003325 138.5003075 0
132.5003375 137.5003125 0
131.5003425 136.5003175 0
130.5003475 135.5003225 0
129.5003525 134.5003275 0
128.5003575 133.5003325 0
127.5003625 132.5003375 0
126.5003675 131.5003425 0
125.5003725 130.5003475 0
124.5003775 129.5003525 0
123.5003825 128.5003575 0
122.5003875 127.5003625 0
121.5003925 126.5003675 0
120.5003975 125.5003725 0
119.5004025 124.5003775 0
118.5004075 123.5003825 0
117.5004125 122.5003875 0
116.5004175 121.5003925 0
115.5004225 120.5003975 0
114.5004275 119.5004025 0
113.5004325 118.5004075 0
112.5004375 117.5004125 0
111.5004425 116.5004175 0
110.5004475 115.5004225 0
109.5004525 114.5004275 0
108.5004575 113.5004325 0
107.5004625 112.5004375 0
106.5004675 111.5004425 0
105.5004725 110.5004475 0
104.5004775 109.5004525 0
103.5004825 108.5004575 0
102.5004875 107.5004625 0
101.5004925 106.5004675 0
100.5004975 105.5004725 0
99.5005025 104.5004775 0
98.5005075 103.5004825 0
97.5005125 102.5004875 0
96.5005175 101.5004925 0
95.5005225 100.5004975 0
94.5005275 99.5005025 0
93.5005325 98.5005075 0
92.5005375 97.5005125 0
91.5005425 96.5005175 0
90.5005475 95.5005225 0
89.5005525 94.5005275 0
88.5005575 93.5005325 0
87.5005625 92.5005375 0
86.5005675 91.5005425 0
85.5005725 90.5005475 0
84.5005775 89.5005525 0
83.5005825 88.5005575 0
82.5005875 87.5005625 0
81.5005925 86.5005675 0
80.5005975 85.5005725 0
79.5006025 84.5005775 0
78.5006075 83.5005825 0
77.5006125 82.5005875 0
76.5006175 81.5005925 0
75.5006225 80.5005975 0
74.5006275 79.5006025 0
73.5006325 78.5006075 0
72.5006375 77.5006125 0
71.5006425 76.5006175 0
70.5006475 75.5006225 0
69.5006525 74.5006275 0
68.5006575 73.5006325 0
67.5006625 72.5006375 0
66.5006675 71.5006425 0
65.5006725 70.5006475 0
64.5006775 69.5006525 0
63.5006825 68.5006575 0
62.5006875 67.5006625 0
61.5006925 66.5006675 0
60.5006975 65.5006725 0
59.5007025 64.5006775 0
58.5007075 63.5006825 0
57.5007125 62.5006875 0
56.5007175 61.5006925 0
55.5007225 60.5006975 0
54.5007275 59.5007025 0
53.5007325 58.5007075 0
52.5007375 57.5007125 0
51.5007425 56.5007175 0
50.5007475 55.5007225 0
49.5007525 54.5007275 0
48.5007575 53.5007325 0
47.5007625 52.5007375 0
46.5007675 51.5007425 0
45.5007725 50.5007475 0
44.5007775 49.5007525 0
43.5007825 48.5007575 0
42.5007875 47.5007625 0
41.5007925 46.5007675 0
40.5007975 45.5007725 0
39.5008025 44.5007775 0
38.5008075 43.5007825 0
37.5008125 42.5007875 0
36.5008175 41.5007925 0
35.5008225 40.5007975 0
34.5008275 39.5008025 0
33.5008325 38.5008075 0
32.5008375 37.5008125 0
31.5008425 36.5008175 0
30.5008475 35.5008225 0
29.5008525 34.5008275 0
28.5008575 33.5008325 0
27.5008625 32.5008375 0
26.5008675 31.5008425 0
25.5008725 30.5008475 0
24.5008775 29.5008525 0
23.5008825 28.5008575 0
22.5008875 27.5008625 0
21.5008925 26.5008675 0
20.5008975 25.5008725 0
19.5009025 24.5008775 0
18.5009075 23.5008825 0
17.5009125 22.5008875 0
16.5009175 21.5008925 0
15.5009225 20.5008975 0
14.5009275 19.5009025 0
13.5009325 18.5009075 0
12.5009375 17.5009125 0
11.5009425 16.5009175 0
10.5009475 15.5009225 0
9.5009525 14.5009275 0
8.5009575 13.5009325 0
7.5009625 12.5009375 0
6.5009675 11.5009425 0
5.5009725 10.5009475 0
4.5009775 9.5009525 0
3.5009825 8.5009575 0
2.5009875 7.5009625 0
1.5009925 6.5009675 1
0.5009975 5.5009725 1
