# r1, r2, mask (1==failed, 2==success)
194.5000275 199.5000025 1
193.5000325 198.5000075 1
192.5000375 197.5000125 1
191.5000425 196.5000175 1
190.5000475 195.5000225 1
189.5000525 194.5000275 1
188.5000575 193.5000325 1
187.5000625 192.5000375 1
186.5000675 191.5000425 1
185.5000725 190.5000475 1
184.5000775 189.5000525 1
183.5000825 188.5000575 1
182.5000875 187.5000625 1
181.5000925 186.5000675 1
180.5000975 185.5000725 1
179.5001025 184.5000775 1
178.5001075 183.5000825 1
177.5001125 182.5000875 1
176.5001175 181.5000925 1
175.5001225 180.5000975 1
174.5001275 179.5001025 1
173.5001325 178.5001075 1
172.5001375 177.5001125 1
171.5001425 176.5001175 1
170.5001475 175.5001225 1
169.5001525 174.5001275 1
168.5001575 173.5001325 1
167.5001625 172.5001375 1
166.5001675 171.5001425 1
165.5001725 170.5001475 1
164.5001775 169.5001525 1
163.5001825 168.5001575 1
162.5001875 167.5001625 1
161.5001925 166.5001675 1
160.5001975 165.5001725 1
159.5002025 164.5001775 1
158.5002075 163.5001825 1
157.5002125 162.5001875 1
156.5002175 161.5001925 1
155.5002225 160.5001975 1
154.5002275 159.5002025 1
153.5002325 158.5002075 1
152.5002375 157.5002125 1
151.5002425 156.5002175 1
150.5002475 155.5002225 1
149.5002525 154.5002275 1
148.5002575 153.5002325 1
147.5002625 152.5002375 1
146.5002675 151.5002425 1
145.5002725 150.5002475 1
144.5002775 149.5002525 1
143.5002825 148.5002575 1
142.5002875 147.5002625 1
141.5002925 146.5002675 1
140.5002975 145.5002725 1
139.5003025 144.5002775 1
138.5003075 143.5002825 1
137.5003125 142.5002875 1
136.5003175 141.5002925 1
135.5003225 140.5002975 1
134.5003275 139.5003025 1
133.5003325 138.5003075 1
132.5003375 137.5003125 1
131.5003425 136.5003175 1
130.5003475 135.5003225 1
129.5003525 134.5003275 1
128.5003575 133.5003325 1
127.5003625 132.5003375 1
126.5003675 131.5003425 1
125.5003725 130.5003475 1
124.5003775 129.5003525 1
123.5003825 128.5003575 1
122.5003875 127.5003625 1
121.5003925 126.5003675 1
120.5003975 125.5003725 1
119.5004025 124.5003775 1
118.5004075 123.5003825 1
117.5004125 122.5003875 1
116.5004175 121.5003925 1
115.5004225 120.5003975 1
114.5004275 119.5004025 1
113.5004325 118.5004075 1
112.5004375 117.5004125 1
111.5004425 116.5004175 1
110.5004475 115.5004225 1
109.5004525 114.5004275 1
108.5004575 113.5004325 1
107.5004625 112.5004375 1
106.5004675 111.5004425 1
105.5004725 110.5004475 1
104.5004775 109.5004525 1
103.5004825 108.5004575 1
102.5004875 107.5004625 1
101.5004925 106.5004675 1
100.5004975 105.5004725 1
99.5005025 104.5004775 1
98.5005075 103.5004825 1
97.5005125 102.5004875 1
96.5005175 101.5004925 1
95.5005225 100.5004975 1
94.5005275 99.5005025 1
93.5005325 98.5005075 1
92.5005375 97.5005125 1
91.5005425 96.5005175 1
90.5005475 95.5005225 1
89.5005525 94.5005275 1
88.5005575 93.5005325 1
87.5005625 92.5005375 1
86.5005675 91.5005425 1
85.5005725 90.5005475 1
84.5005775 89.5005525 1
83.5005825 88.5005575 1
82.5005875 87.5005625 1
81.5005925 86.5005675 1
80.5005975 85.5005725 1
79.5006025 84.5005775 1
78.5006075 83.5005825 1
77.5006125 82.5005875 1
76.5006175 81.5005925 1
75.5006225 80.5005975 1
74.5006275 79.5006025 1
73.5006325 78.5006075 1
72.5006375 77.5006125 1
71.5006425 76.5006175 1
70.5006475 75.5006225 1
69.5006525 74.5006275 1
68.5006575 73.5006325 1
67.5006625 72.5006375 1
66.5006675 71.5006425 1
65.5006725 70.5006475 1
64.5006775 69.5006525 1
63.5006825 68.5006575 1
62.5006875 67.5006625 1
61.5006925 66.5006675 1
60.5006975 65.5006725 1
59.5007025 64.5006775 1
58.5007075 63.5006825 1
57.5007125 62.5006875 1
56.5007175 61.5006925 1
55.5007225 60.5006975 1
54.5007275 59.5007025 1
53.5007325 58.5007075 1
52.5007375 57.5007125 1
51.5007425 56.5007175 1
50.5007475 55.5007225 1
49.5007525 54.5007275 1
48.5007575 53.5007325 1
47.5007625 52.5007375 1
46.5007675 51.5007425 1
45.5007725 50.5007475 1
44.5007775 49.5007525 1
43.5007825 48.5007575 1
42.5007875 47.5007625 1
41.5007925 46.5007675 1
40.5007975 45.5007725 1
39.5008025 44.5007775 1
38.5008075 43.5007825 1
37.5008125 42.5007875 1
36.5008175 41.5007925 1
35.5008225 40.5007975 1
34.5008275 39.5008025 1
33.5008325 38.5008075 1
32.5008375 37.5008125 1
31.5008425 36.5008175 1
30.5008475 35.5008225 1
29.5008525 34.5008275 1
28.5008575 33.5008325 1
27.5008625 32.5008375 1
26.5008675 31.5008425 1
25.5008725 30.5008475 1
24.5008775 29.5008525 1
23.5008825 28.5008575 1
22.5008875 27.5008625 1
21.5008925 26.5008675 1
20.5008975 25.5008725 1
19.5009025 24.5008775 1
18.5009075 23.5008825 1
17.5009125 22.5008875 1
16.5009175 21.5008925 1
15.5009225 20.5008975 1
14.5009275 19.5009025 1
13.5009325 18.5009075 1
12.5009375 17.5009125 1
11.5009425 16.5009175 1
10.5009475 15.5009225 1
9.5009525 14.5009275 0
8.5009575 13.5009325 1
7.5009625 12.5009375 1
6.5009675 11.5009425 1
5.5009725 10.5009475 1
4.5009775 9.5009525 0
3.5009825 8.5009575 1
2.5009875 7.5009625 0
1.5009925 6.5009675 1
0.5009975 5.5009725 0
