# r1, r2, mask (1==failed, 2==success)
197.800011 199.800001 0
197.400013 199.400003 0
197.000015 199.000005 0
196.600017 198.600007 0
196.200019 198.200009 0
195.800021 197.800011 0
195.400023 197.400013 0
195.000025 197.000015 0
194.600027 196.600017 0
194.200029 196.200019 0
193.800031 195.800021 0
193.400033 195.400023 0
193.000035 195.000025 0
192.600037 194.600027 0
192.200039 194.200029 0
191.800041 193.800031 0
191.400043 193.400033 0
191.000045 193.000035 0
190.600047 192.600037 0
190.200049 192.200039 0
189.800051 191.800041 0
189.400053 191.400043 0
189.000055 191.000045 0
188.600057 190.600047 0
188.200059 190.200049 0
187.800061 189.800051 0
187.400063 189.400053 0
187.000065 189.000055 0
186.600067 188.600057 0
186.200069 188.200059 0
185.800071 187.800061 0
185.400073 187.400063 0
185.000075 187.000065 0
184.600077 186.600067 0
184.200079 186.200069 0
183.800081 185.800071 0
183.400083 185.400073 0
183.000085 185.000075 0
182.600087 184.600077 0
182.200089 184.200079 0
181.800091 183.800081 0
181.400093 183.400083 0
181.000095 183.000085 0
180.600097 182.600087 0
180.200099 182.200089 0
179.800101 181.800091 0
179.400103 181.400093 0
179.000105 181.000095 0
178.600107 180.600097 0
178.200109 180.200099 0
177.800111 179.800101 0
177.400113 179.400103 0
177.000115 179.000105 0
176.600117 178.600107 0
176.200119 178.200109 0
175.800121 177.800111 0
175.400123 177.400113 0
175.000125 177.000115 0
174.600127 176.600117 0
174.200129 176.200119 0
173.800131 175.800121 0
173.400133 175.400123 0
173.000135 175.000125 0
172.600137 174.600127 0
172.200139 174.200129 0
171.800141 173.800131 0
171.400143 173.400133 0
171.000145 173.000135 0
170.600147 172.600137 0
170.200149 172.200139 0
169.800151 171.800141 0
169.400153 171.400143 0
169.000155 171.000145 0
168.600157 170.600147 0
168.200159 170.200149 0
167.800161 169.800151 0
167.400163 169.400153 0
167.000165 169.000155 0
166.600167 168.600157 0
166.200169 168.200159 0
165.800171 167.800161 0
165.400173 167.400163 0
165.000175 167.000165 0
164.600177 166.600167 0
164.200179 166.200169 0
163.800181 165.800171 0
163.400183 165.400173 0
163.000185 165.000175 0
162.600187 164.600177 0
162.200189 164.200179 0
161.800191 163.800181 0
161.400193 163.400183 0
161.000195 163.000185 0
160.600197 162.600187 0
160.200199 162.200189 0
159.800201 161.800191 0
159.400203 161.400193 0
159.000205 161.000195 0
158.600207 160.600197 0
158.200209 160.200199 0
157.800211 159.800201 0
157.400213 159.400203 0
157.000215 159.000205 0
156.600217 158.600207 0
156.200219 158.200209 0
155.800221 157.800211 0
155.400223 157.400213 0
155.000225 157.000215 0
154.600227 156.600217 0
154.200229 156.200219 0
153.800231 155.800221 0
153.400233 155.400223 0
153.000235 155.000225 0
152.600237 154.600227 0
152.200239 154.200229 0
151.800241 153.800231 0
151.400243 153.400233 0
151.000245 153.000235 0
150.600247 152.600237 0
150.200249 152.200239 0
149.800251 151.800241 0
149.400253 151.400243 0
149.000255 151.000245 0
148.600257 150.600247 0
148.200259 150.200249 0
147.800261 149.800251 0
147.400263 149.400253 0
147.000265 149.000255 0
146.600267 148.600257 0
146.200269 148.200259 0
145.800271 147.800261 0
145.400273 147.400263 0
145.000275 147.000265 0
144.600277 146.600267 0
144.200279 146.200269 0
143.800281 145.800271 0
143.400283 145.400273 0
143.000285 145.000275 0
142.600287 144.600277 0
142.200289 144.200279 0
141.800291 143.800281 0
141.400293 143.400283 0
141.000295 143.000285 0
140.600297 142.600287 0
140.200299 142.200289 0
139.800301 141.800291 0
139.400303 141.400293 0
139.000305 141.000295 0
138.600307 140.600297 0
138.200309 140.200299 0
137.800311 139.800301 0
137.400313 139.400303 0
137.000315 139.000305 0
136.600317 138.600307 0
136.200319 138.200309 0
135.800321 137.800311 0
135.400323 137.400313 0
135.000325 137.000315 0
134.600327 136.600317 0
134.200329 136.200319 0
133.800331 135.800321 0
133.400333 135.400323 0
133.000335 135.000325 0
132.600337 134.600327 0
132.200339 134.200329 0
131.800341 133.800331 0
131.400343 133.400333 0
131.000345 133.000335 0
130.600347 132.600337 0
130.200349 132.200339 0
129.800351 131.800341 0
129.400353 131.400343 0
129.000355 131.000345 0
128.600357 130.600347 0
128.200359 130.200349 0
127.800361 129.800351 0
127.400363 129.400353 0
127.000365 129.000355 0
126.600367 128.600357 0
126.200369 128.200359 0
125.800371 127.800361 0
125.400373 127.400363 0
125.000375 127.000365 0
124.600377 126.600367 0
124.200379 126.200369 0
123.800381 125.800371 0
123.400383 125.400373 0
123.000385 125.000375 0
122.600387 124.600377 0
122.200389 124.200379 0
121.800391 123.800381 0
121.400393 123.400383 0
121.000395 123.000385 0
120.600397 122.600387 0
120.200399 122.200389 0
119.800401 121.800391 0
119.400403 121.400393 0
119.000405 121.000395 0
118.600407 120.600397 0
118.200409 120.200399 0
117.800411 119.800401 0
117.400413 119.400403 0
117.000415 119.000405 0
116.600417 118.600407 0
116.200419 118.200409 0
115.800421 117.800411 0
115.400423 117.400413 0
115.000425 117.000415 0
114.600427 116.600417 0
114.200429 116.200419 0
113.800431 115.800421 0
113.400433 115.400423 0
113.000435 115.000425 0
112.600437 114.600427 0
112.200439 114.200429 0
111.800441 113.800431 0
111.400443 113.400433 0
111.000445 113.000435 0
110.600447 112.600437 0
110.200449 112.200439 0
109.800451 111.800441 0
109.400453 111.400443 0
109.000455 111.000445 0
108.600457 110.600447 0
108.200459 110.200449 0
107.800461 109.800451 0
107.400463 109.400453 0
107.000465 109.000455 0
106.600467 108.600457 0
106.200469 108.200459 0
105.800471 107.800461 0
105.400473 107.400463 0
105.000475 107.000465 1
104.600477 106.600467 1
104.200479 106.200469 1
103.800481 105.800471 1
103.400483 105.400473 1
103.000485 105.000475 1
102.600487 104.600477 1
102.200489 104.200479 1
101.800491 103.800481 1
101.400493 103.400483 1
101.000495 103.000485 1
100.600497 102.600487 1
100.200499 102.200489 1
99.800501 101.800491 1
99.400503 101.400493 1
99.000505 101.000495 1
98.600507 100.600497 1
98.200509 100.200499 1
97.800511 99.800501 1
97.400513 99.400503 1
97.000515 99.000505 1
96.600517 98.600507 1
96.200519 98.200509 1
95.800521 97.800511 1
95.400523 97.400513 1
95.000525 97.000515 1
94.600527 96.600517 1
94.200529 96.200519 1
93.800531 95.800521 1
93.400533 95.400523 1
93.000535 95.000525 1
92.600537 94.600527 1
92.200539 94.200529 1
91.800541 93.800531 1
91.400543 93.400533 1
91.000545 93.000535 1
90.600547 92.600537 1
90.200549 92.200539 1
89.800551 91.800541 0
89.400553 91.400543 0
89.000555 91.000545 0
88.600557 90.600547 0
88.200559 90.200549 0
87.800561 89.800551 0
87.400563 89.400553 0
87.000565 89.000555 0
86.600567 88.600557 0
86.200569 88.200559 0
85.800571 87.800561 0
85.400573 87.400563 0
85.000575 87.000565 0
84.600577 86.600567 0
84.200579 86.200569 0
83.800581 85.800571 0
83.400583 85.400573 0
83.000585 85.000575 0
82.600587 84.600577 0
82.200589 84.200579 0
81.800591 83.800581 0
81.400593 83.400583 0
81.000595 83.000585 0
80.600597 82.600587 0
80.200599 82.200589 0
79.800601 81.800591 0
79.400603 81.400593 0
79.000605 81.000595 0
78.600607 80.600597 0
78.200609 80.200599 0
77.800611 79.800601 0
77.400613 79.400603 0
77.000615 79.000605 0
76.600617 78.600607 0
76.200619 78.200609 0
75.800621 77.800611 0
75.400623 77.400613 0
75.000625 77.000615 0
74.600627 76.600617 0
74.200629 76.200619 0
73.800631 75.800621 0
73.400633 75.400623 0
73.000635 75.000625 0
72.600637 74.600627 0
72.200639 74.200629 0
71.800641 73.800631 0
71.400643 73.400633 0
71.000645 73.000635 0
70.600647 72.600637 0
70.200649 72.200639 0
69.800651 71.800641 0
69.400653 71.400643 0
69.000655 71.000645 0
68.600657 70.600647 0
68.200659 70.200649 0
67.800661 69.800651 0
67.400663 69.400653 0
67.000665 69.000655 0
66.600667 68.600657 0
66.200669 68.200659 0
65.800671 67.800661 0
65.400673 67.400663 0
65.000675 67.000665 0
64.600677 66.600667 0
64.200679 66.200669 0
63.800681 65.800671 0
63.400683 65.400673 0
63.000685 65.000675 0
62.600687 64.600677 0
62.200689 64.200679 0
61.800691 63.800681 0
61.400693 63.400683 0
61.000695 63.000685 0
60.600697 62.600687 0
60.200699 62.200689 0
59.800701 61.800691 0
59.400703 61.400693 0
59.000705 61.000695 0
58.600707 60.600697 0
58.200709 60.200699 0
57.800711 59.800701 0
57.400713 59.400703 0
57.000715 59.000705 0
56.600717 58.600707 0
56.200719 58.200709 0
55.800721 57.800711 0
55.400723 57.400713 0
55.000725 57.000715 0
54.600727 56.600717 0
54.200729 56.200719 0
53.800731 55.800721 0
53.400733 55.400723 0
53.000735 55.000725 0
52.600737 54.600727 0
52.200739 54.200729 0
51.800741 53.800731 0
51.400743 53.400733 0
51.000745 53.000735 0
50.600747 52.600737 0
50.200749 52.200739 0
49.800751 51.800741 0
49.400753 51.400743 0
49.000755 51.000745 0
48.600757 50.600747 0
48.200759 50.200749 0
47.800761 49.800751 0
47.400763 49.400753 0
47.000765 49.000755 0
46.600767 48.600757 0
46.200769 48.200759 0
45.800771 47.800761 0
45.400773 47.400763 0
45.000775 47.000765 0
44.600777 46.600767 0
44.200779 46.200769 0
43.800781 45.800771 0
43.400783 45.400773 0
43.000785 45.000775 0
42.600787 44.600777 0
42.200789 44.200779 0
41.800791 43.800781 0
41.400793 43.400783 0
41.000795 43.000785 0
40.600797 42.600787 0
40.200799 42.200789 0
39.800801 41.800791 0
39.400803 41.400793 0
39.000805 41.000795 0
38.600807 40.600797 0
38.200809 40.200799 0
37.800811 39.800801 0
37.400813 39.400803 0
37.000815 39.000805 0
36.600817 38.600807 0
36.200819 38.200809 0
35.800821 37.800811 0
35.400823 37.400813 0
35.000825 37.000815 0
34.600827 36.600817 0
34.200829 36.200819 0
33.800831 35.800821 0
33.400833 35.400823 0
33.000835 35.000825 0
32.600837 34.600827 0
32.200839 34.200829 0
31.800841 33.800831 0
31.400843 33.400833 0
31.000845 33.000835 0
30.600847 32.600837 0
30.200849 32.200839 0
29.800851 31.800841 0
29.400853 31.400843 0
29.000855 31.000845 0
28.600857 30.600847 0
28.200859 30.200849 0
27.800861 29.800851 0
27.400863 29.400853 0
27.000865 29.000855 0
26.600867 28.600857 0
26.200869 28.200859 0
25.800871 27.800861 0
25.400873 27.400863 0
25.000875 27.000865 0
24.600877 26.600867 0
24.200879 26.200869 0
23.800881 25.800871 0
23.400883 25.400873 0
23.000885 25.000875 0
22.600887 24.600877 0
22.200889 24.200879 0
21.800891 23.800881 0
21.400893 23.400883 0
21.000895 23.000885 0
20.600897 22.600887 0
20.200899 22.200889 0
19.800901 21.800891 0
19.400903 21.400893 0
19.000905 21.000895 0
18.600907 20.600897 0
18.200909 20.200899 0
17.800911 19.800901 0
17.400913 19.400903 0
17.000915 19.000905 0
16.600917 18.600907 0
16.200919 18.200909 0
15.800921 17.800911 0
15.400923 17.400913 0
15.000925 17.000915 0
14.600927 16.600917 0
14.200929 16.200919 0
13.800931 15.800921 0
13.400933 15.400923 0
13.000935 15.000925 0
12.600937 14.600927 0
12.200939 14.200929 0
11.800941 13.800931 0
11.400943 13.400933 0
11.000945 13.000935 0
10.600947 12.600937 0
10.200949 12.200939 0
9.800951 11.800941 0
9.400953 11.400943 0
9.000955 11.000945 0
8.600957 10.600947 0
8.200959 10.200949 0
7.800961 9.800951 0
7.400963 9.400953 0
7.000965 9.000955 0
6.600967 8.600957 0
6.200969 8.200959 0
5.800971 7.800961 0
5.400973 7.400963 0
5.000975 7.000965 0
4.600977 6.600967 0
4.200979 6.200969 0
3.800981 5.800971 0
3.400983 5.400973 0
3.000985 5.000975 0
2.600987 4.600977 0
2.200989 4.200979 0
1.800991 3.800981 0
1.400993 3.400983 0
1.000995 3.000985 0
0.600997 2.600987 0
0.200999 2.200989 1
