# r1, r2, mask (1==failed, 2==success)
197.800011 199.800001 1
197.400013 199.400003 1
197.000015 199.000005 1
196.600017 198.600007 1
196.200019 198.200009 1
195.800021 197.800011 1
195.400023 197.400013 1
195.000025 197.000015 1
194.600027 196.600017 1
194.200029 196.200019 1
193.800031 195.800021 1
193.400033 195.400023 1
193.000035 195.000025 1
192.600037 194.600027 1
192.200039 194.200029 1
191.800041 193.800031 1
191.400043 193.400033 1
191.000045 193.000035 1
190.600047 192.600037 1
190.200049 192.200039 1
189.800051 191.800041 1
189.400053 191.400043 1
189.000055 191.000045 1
188.600057 190.600047 1
188.200059 190.200049 1
187.800061 189.800051 1
187.400063 189.400053 1
187.000065 189.000055 1
186.600067 188.600057 1
186.200069 188.200059 1
185.800071 187.800061 1
185.400073 187.400063 1
185.000075 187.000065 1
184.600077 186.600067 1
184.200079 186.200069 1
183.800081 185.800071 1
183.400083 185.400073 1
183.000085 185.000075 1
182.600087 184.600077 1
182.200089 184.200079 1
181.800091 183.800081 1
181.400093 183.400083 1
181.000095 183.000085 1
180.600097 182.600087 1
180.200099 182.200089 1
179.800101 181.800091 1
179.400103 181.400093 1
179.000105 181.000095 1
178.600107 180.600097 1
178.200109 180.200099 1
177.800111 179.800101 1
177.400113 179.400103 1
177.000115 179.000105 1
176.600117 178.600107 1
176.200119 178.200109 1
175.800121 177.800111 1
175.400123 177.400113 1
175.000125 177.000115 1
174.600127 176.600117 1
174.200129 176.200119 1
173.800131 175.800121 1
173.400133 175.400123 1
173.000135 175.000125 1
172.600137 174.600127 1
172.200139 174.200129 1
171.800141 173.800131 1
171.400143 173.400133 1
171.000145 173.000135 1
170.600147 172.600137 1
170.200149 172.200139 1
169.800151 171.800141 1
169.400153 171.400143 1
169.000155 171.000145 1
168.600157 170.600147 1
168.200159 170.200149 1
167.800161 169.800151 1
167.400163 169.400153 1
167.000165 169.000155 1
166.600167 168.600157 1
166.200169 168.200159 1
165.800171 167.800161 1
165.400173 167.400163 1
165.000175 167.000165 1
164.600177 166.600167 1
164.200179 166.200169 1
163.800181 165.800171 1
163.400183 165.400173 1
163.000185 165.000175 1
162.600187 164.600177 1
162.200189 164.200179 1
161.800191 163.800181 1
161.400193 163.400183 1
161.000195 163.000185 1
160.600197 162.600187 1
160.200199 162.200189 1
159.800201 161.800191 1
159.400203 161.400193 1
159.000205 161.000195 1
158.600207 160.600197 1
158.200209 160.200199 1
157.800211 159.800201 1
157.400213 159.400203 1
157.000215 159.000205 1
156.600217 158.600207 1
156.200219 158.200209 1
155.800221 157.800211 1
155.400223 157.400213 1
155.000225 157.000215 1
154.600227 156.600217 1
154.200229 156.200219 1
153.800231 155.800221 1
153.400233 155.400223 1
153.000235 155.000225 1
152.600237 154.600227 1
152.200239 154.200229 1
151.800241 153.800231 1
151.400243 153.400233 1
151.000245 153.000235 1
150.600247 152.600237 1
150.200249 152.200239 1
149.800251 151.800241 1
149.400253 151.400243 1
149.000255 151.000245 1
148.600257 150.600247 1
148.200259 150.200249 1
147.800261 149.800251 1
147.400263 149.400253 1
147.000265 149.000255 1
146.600267 148.600257 1
146.200269 148.200259 1
145.800271 147.800261 1
145.400273 147.400263 1
145.000275 147.000265 1
144.600277 146.600267 1
144.200279 146.200269 1
143.800281 145.800271 1
143.400283 145.400273 1
143.000285 145.000275 1
142.600287 144.600277 1
142.200289 144.200279 1
141.800291 143.800281 1
141.400293 143.400283 1
141.000295 143.000285 1
140.600297 142.600287 1
140.200299 142.200289 1
139.800301 141.800291 1
139.400303 141.400293 1
139.000305 141.000295 1
138.600307 140.600297 1
138.200309 140.200299 1
137.800311 139.800301 1
137.400313 139.400303 1
137.000315 139.000305 1
136.600317 138.600307 1
136.200319 138.200309 1
135.800321 137.800311 1
135.400323 137.400313 1
135.000325 137.000315 1
134.600327 136.600317 1
134.200329 136.200319 1
133.800331 135.800321 1
133.400333 135.400323 1
133.000335 135.000325 1
132.600337 134.600327 1
132.200339 134.200329 1
131.800341 133.800331 1
131.400343 133.400333 1
131.000345 133.000335 1
130.600347 132.600337 1
130.200349 132.200339 1
129.800351 131.800341 1
129.400353 131.400343 1
129.000355 131.000345 1
128.600357 130.600347 1
128.200359 130.200349 1
127.800361 129.800351 1
127.400363 129.400353 1
127.000365 129.000355 1
126.600367 128.600357 1
126.200369 128.200359 1
125.800371 127.800361 1
125.400373 127.400363 1
125.000375 127.000365 1
124.600377 126.600367 1
124.200379 126.200369 1
123.800381 125.800371 1
123.400383 125.400373 1
123.000385 125.000375 1
122.600387 124.600377 1
122.200389 124.200379 1
121.800391 123.800381 1
121.400393 123.400383 1
121.000395 123.000385 1
120.600397 122.600387 1
120.200399 122.200389 1
119.800401 121.800391 1
119.400403 121.400393 1
119.000405 121.000395 1
118.600407 120.600397 1
118.200409 120.200399 1
117.800411 119.800401 1
117.400413 119.400403 1
117.000415 119.000405 1
116.600417 118.600407 1
116.200419 118.200409 1
115.800421 117.800411 1
115.400423 117.400413 1
115.000425 117.000415 1
114.600427 116.600417 1
114.200429 116.200419 1
113.800431 115.800421 1
113.400433 115.400423 1
113.000435 115.000425 1
112.600437 114.600427 1
112.200439 114.200429 1
111.800441 113.800431 1
111.400443 113.400433 1
111.000445 113.000435 1
110.600447 112.600437 1
110.200449 112.200439 1
109.800451 111.800441 1
109.400453 111.400443 1
109.000455 111.000445 1
108.600457 110.600447 1
108.200459 110.200449 1
107.800461 109.800451 1
107.400463 109.400453 1
107.000465 109.000455 1
106.600467 108.600457 1
106.200469 108.200459 1
105.800471 107.800461 1
105.400473 107.400463 1
105.000475 107.000465 1
104.600477 106.600467 1
104.200479 106.200469 1
103.800481 105.800471 1
103.400483 105.400473 1
103.000485 105.000475 1
102.600487 104.600477 1
102.200489 104.200479 1
101.800491 103.800481 1
101.400493 103.400483 1
101.000495 103.000485 1
100.600497 102.600487 1
100.200499 102.200489 1
99.800501 101.800491 1
99.400503 101.400493 1
99.000505 101.000495 1
98.600507 100.600497 1
98.200509 100.200499 1
97.800511 99.800501 1
97.400513 99.400503 1
97.000515 99.000505 1
96.600517 98.600507 1
96.200519 98.200509 1
95.800521 97.800511 1
95.400523 97.400513 1
95.000525 97.000515 1
94.600527 96.600517 1
94.200529 96.200519 1
93.800531 95.800521 1
93.400533 95.400523 1
93.000535 95.000525 1
92.600537 94.600527 1
92.200539 94.200529 1
91.800541 93.800531 1
91.400543 93.400533 1
91.000545 93.000535 1
90.600547 92.600537 1
90.200549 92.200539 1
89.800551 91.800541 1
89.400553 91.400543 1
89.000555 91.000545 1
88.600557 90.600547 1
88.200559 90.200549 1
87.800561 89.800551 1
87.400563 89.400553 1
87.000565 89.000555 1
86.600567 88.600557 1
86.200569 88.200559 1
85.800571 87.800561 1
85.400573 87.400563 1
85.000575 87.000565 1
84.600577 86.600567 1
84.200579 86.200569 1
83.800581 85.800571 1
83.400583 85.400573 1
83.000585 85.000575 1
82.600587 84.600577 1
82.200589 84.200579 1
81.800591 83.800581 1
81.400593 83.400583 1
81.000595 83.000585 1
80.600597 82.600587 1
80.200599 82.200589 1
79.800601 81.800591 1
79.400603 81.400593 1
79.000605 81.000595 1
78.600607 80.600597 1
78.200609 80.200599 1
77.800611 79.800601 1
77.400613 79.400603 1
77.000615 79.000605 1
76.600617 78.600607 1
76.200619 78.200609 1
75.800621 77.800611 1
75.400623 77.400613 1
75.000625 77.000615 1
74.600627 76.600617 1
74.200629 76.200619 1
73.800631 75.800621 1
73.400633 75.400623 1
73.000635 75.000625 1
72.600637 74.600627 1
72.200639 74.200629 1
71.800641 73.800631 1
71.400643 73.400633 1
71.000645 73.000635 1
70.600647 72.600637 1
70.200649 72.200639 1
69.800651 71.800641 1
69.400653 71.400643 1
69.000655 71.000645 1
68.600657 70.600647 1
68.200659 70.200649 1
67.800661 69.800651 1
67.400663 69.400653 1
67.000665 69.000655 1
66.600667 68.600657 1
66.200669 68.200659 1
65.800671 67.800661 1
65.400673 67.400663 1
65.000675 67.000665 1
64.600677 66.600667 1
64.200679 66.200669 1
63.800681 65.800671 1
63.400683 65.400673 1
63.000685 65.000675 1
62.600687 64.600677 1
62.200689 64.200679 1
61.800691 63.800681 1
61.400693 63.400683 1
61.000695 63.000685 1
60.600697 62.600687 1
60.200699 62.200689 1
59.800701 61.800691 1
59.400703 61.400693 1
59.000705 61.000695 1
58.600707 60.600697 1
58.200709 60.200699 1
57.800711 59.800701 1
57.400713 59.400703 1
57.000715 59.000705 1
56.600717 58.600707 1
56.200719 58.200709 1
55.800721 57.800711 1
55.400723 57.400713 1
55.000725 57.000715 1
54.600727 56.600717 1
54.200729 56.200719 1
53.800731 55.800721 1
53.400733 55.400723 1
53.000735 55.000725 1
52.600737 54.600727 1
52.200739 54.200729 1
51.800741 53.800731 1
51.400743 53.400733 1
51.000745 53.000735 1
50.600747 52.600737 1
50.200749 52.200739 1
49.800751 51.800741 1
49.400753 51.400743 1
49.000755 51.000745 1
48.600757 50.600747 1
48.200759 50.200749 1
47.800761 49.800751 1
47.400763 49.400753 1
47.000765 49.000755 1
46.600767 48.600757 1
46.200769 48.200759 1
45.800771 47.800761 1
45.400773 47.400763 1
45.000775 47.000765 1
44.600777 46.600767 1
44.200779 46.200769 1
43.800781 45.800771 1
43.400783 45.400773 1
43.000785 45.000775 1
42.600787 44.600777 1
42.200789 44.200779 1
41.800791 43.800781 1
41.400793 43.400783 1
41.000795 43.000785 1
40.600797 42.600787 1
40.200799 42.200789 1
39.800801 41.800791 1
39.400803 41.400793 1
39.000805 41.000795 1
38.600807 40.600797 1
38.200809 40.200799 1
37.800811 39.800801 1
37.400813 39.400803 1
37.000815 39.000805 1
36.600817 38.600807 1
36.200819 38.200809 1
35.800821 37.800811 1
35.400823 37.400813 1
35.000825 37.000815 1
34.600827 36.600817 1
34.200829 36.200819 1
33.800831 35.800821 1
33.400833 35.400823 1
33.000835 35.000825 1
32.600837 34.600827 1
32.200839 34.200829 1
31.800841 33.800831 1
31.400843 33.400833 1
31.000845 33.000835 1
30.600847 32.600837 1
30.200849 32.200839 1
29.800851 31.800841 1
29.400853 31.400843 1
29.000855 31.000845 1
28.600857 30.600847 1
28.200859 30.200849 1
27.800861 29.800851 1
27.400863 29.400853 1
27.000865 29.000855 1
26.600867 28.600857 1
26.200869 28.200859 1
25.800871 27.800861 1
25.400873 27.400863 1
25.000875 27.000865 1
24.600877 26.600867 1
24.200879 26.200869 1
23.800881 25.800871 1
23.400883 25.400873 1
23.000885 25.000875 1
22.600887 24.600877 1
22.200889 24.200879 1
21.800891 23.800881 1
21.400893 23.400883 1
21.000895 23.000885 1
20.600897 22.600887 1
20.200899 22.200889 1
19.800901 21.800891 1
19.400903 21.400893 1
19.000905 21.000895 1
18.600907 20.600897 1
18.200909 20.200899 1
17.800911 19.800901 1
17.400913 19.400903 1
17.000915 19.000905 1
16.600917 18.600907 1
16.200919 18.200909 1
15.800921 17.800911 1
15.400923 17.400913 1
15.000925 17.000915 1
14.600927 16.600917 1
14.200929 16.200919 1
13.800931 15.800921 1
13.400933 15.400923 1
13.000935 15.000925 1
12.600937 14.600927 1
12.200939 14.200929 1
11.800941 13.800931 1
11.400943 13.400933 1
11.000945 13.000935 1
10.600947 12.600937 1
10.200949 12.200939 1
9.800951 11.800941 1
9.400953 11.400943 1
9.000955 11.000945 1
8.600957 10.600947 1
8.200959 10.200949 1
7.800961 9.800951 1
7.400963 9.400953 1
7.000965 9.000955 1
6.600967 8.600957 1
6.200969 8.200959 1
5.800971 7.800961 1
5.400973 7.400963 1
5.000975 7.000965 1
4.600977 6.600967 1
4.200979 6.200969 1
3.800981 5.800971 0
3.400983 5.400973 1
3.000985 5.000975 0
2.600987 4.600977 1
2.200989 4.200979 0
1.800991 3.800981 1
1.400993 3.400983 0
1.000995 3.000985 1
0.600997 2.600987 0
0.200999 2.200989 1
