# # kcenter, rmin, rmax
1.013235484459280552e-04 1.266003670000000056e+02 2.600987000000012372e+00
1.040234306090801213e-04 1.262003690000000091e+02 3.000985000000023106e+00
1.067952542291462898e-04 1.266003670000000056e+02 2.200989000000030060e+00
1.096409362687605330e-04 1.262003690000000091e+02 4.200979000000026886e+00
1.125624447702249333e-04 1.262003690000000091e+02 4.200979000000026886e+00
1.155618002165859743e-04 1.262003690000000091e+02 2.200989000000030060e+00
1.186410769289783019e-04 1.262003690000000091e+02 2.200989000000030060e+00
1.218024045012024414e-04 1.262003690000000091e+02 2.200989000000030060e+00
1.250479692725282442e-04 1.266003670000000056e+02 2.200989000000030060e+00
1.283800158397430786e-04 1.262003690000000091e+02 2.200989000000030060e+00
1.318008486094903277e-04 1.266003670000000056e+02 2.200989000000030060e+00
1.353128333919712456e-04 1.262003690000000091e+02 2.200989000000030060e+00
1.389183990371135739e-04 1.266003670000000056e+02 2.200989000000030060e+00
1.426200391143370540e-04 1.266003670000000056e+02 3.000985000000023106e+00
1.464203136370787893e-04 1.262003690000000091e+02 2.200989000000030060e+00
1.503218508332701032e-04 1.266003670000000056e+02 2.200989000000030060e+00
1.543273489629899350e-04 1.262003690000000091e+02 2.200989000000030060e+00
1.584395781845521754e-04 1.262003690000000091e+02 2.200989000000030060e+00
1.626613824703159231e-04 1.266003670000000056e+02 2.200989000000030060e+00
1.669956815735458349e-04 1.266003670000000056e+02 3.400983000000005418e+00
1.714454730476812903e-04 1.262003690000000091e+02 4.200979000000026886e+00
1.760138343194109591e-04 1.266003670000000056e+02 3.000985000000023106e+00
1.807039248169874709e-04 1.266003670000000056e+02 2.200989000000030060e+00
1.855189881552528764e-04 1.266003670000000056e+02 3.000985000000023106e+00
1.904623543788872583e-04 1.262003690000000091e+02 2.200989000000030060e+00
1.955374422654304904e-04 1.262003690000000091e+02 4.200979000000026886e+00
2.007477616896711961e-04 1.262003690000000091e+02 2.200989000000030060e+00
2.060969160510375017e-04 1.262003690000000091e+02 2.600987000000012372e+00
2.115886047656682293e-04 1.262003690000000091e+02 2.200989000000030060e+00
2.172266258248884362e-04 1.262003690000000091e+02 3.000985000000023106e+00
2.230148784218580693e-04 1.262003690000000091e+02 2.200989000000030060e+00
2.289573656482112095e-04 1.262003690000000091e+02 2.200989000000030060e+00
2.350581972625497582e-04 1.262003690000000091e+02 2.200989000000030060e+00
2.413215925327076214e-04 1.266003670000000056e+02 2.600987000000012372e+00
2.477518831537492351e-04 1.266003670000000056e+02 2.200989000000030060e+00
2.543535162437224350e-04 1.262003690000000091e+02 2.200989000000030060e+00
2.611310574192361451e-04 1.262003690000000091e+02 2.200989000000030060e+00
2.680891939529904421e-04 1.266003670000000056e+02 2.200989000000030060e+00
2.752327380154425784e-04 1.266003670000000056e+02 4.200979000000026886e+00
2.825666300028512024e-04 1.266003670000000056e+02 2.200989000000030060e+00
2.900959419539995889e-04 1.266003670000000056e+02 2.200989000000030060e+00
2.978258810579617654e-04 1.266003670000000056e+02 2.200989000000030060e+00
3.057617932553375445e-04 1.266003670000000056e+02 2.200989000000030060e+00
3.139091669354453044e-04 1.266003670000000056e+02 2.200989000000030060e+00
3.222736367320317742e-04 1.266003670000000056e+02 2.200989000000030060e+00
3.308609874201227583e-04 1.266003670000000056e+02 3.000985000000023106e+00
3.396771579167093117e-04 1.266003670000000056e+02 2.200989000000030060e+00
3.487282453880380406e-04 1.266003670000000056e+02 2.200989000000030060e+00
3.580205094663430998e-04 1.266003670000000056e+02 2.200989000000030060e+00
3.675603765789386707e-04 1.266003670000000056e+02 2.600987000000012372e+00
3.773544443926661043e-04 1.266003670000000056e+02 3.000985000000023106e+00
3.874094863767673291e-04 1.266003670000000056e+02 2.600987000000012372e+00
3.977324564873405285e-04 1.266003670000000056e+02 2.200989000000030060e+00
4.083304939766205558e-04 1.266003670000000056e+02 2.200989000000030060e+00
4.192109283304063004e-04 1.266003670000000056e+02 3.000985000000023106e+00
4.303812843370523008e-04 1.266003670000000056e+02 4.200979000000026886e+00
4.418492872915302100e-04 1.266003670000000056e+02 2.200989000000030060e+00
4.536228683381562498e-04 1.266003670000000056e+02 2.200989000000030060e+00
4.657101699556835173e-04 1.266003670000000056e+02 4.200979000000026886e+00
4.781195515885508160e-04 1.266003670000000056e+02 2.200989000000030060e+00
4.908595954281827359e-04 1.266003670000000056e+02 4.200979000000026886e+00
5.039391123483370283e-04 1.266003670000000056e+02 2.200989000000030060e+00
5.173671479986088331e-04 1.266003670000000056e+02 2.200989000000030060e+00
5.311529890603016628e-04 1.266003670000000056e+02 5.000975000000019932e+00
5.453061696689937661e-04 1.266003670000000056e+02 2.200989000000030060e+00
5.598364780082420089e-04 1.266003670000000056e+02 2.200989000000030060e+00
5.747539630789799594e-04 1.266003670000000056e+02 2.200989000000030060e+00
5.900689416492971816e-04 1.266003670000000056e+02 2.200989000000030060e+00
6.057920053894023200e-04 1.266003670000000056e+02 2.200989000000030060e+00
6.219340281967042881e-04 1.266003670000000056e+02 2.200989000000030060e+00
6.385061737160816148e-04 1.266003670000000056e+02 4.200979000000026886e+00
6.555199030605342531e-04 1.266003670000000056e+02 2.200989000000030060e+00
6.729869827375629682e-04 1.266003670000000056e+02 2.600987000000012372e+00
6.909194927867573803e-04 1.266003670000000056e+02 4.200979000000026886e+00
7.093298351342179359e-04 1.266003670000000056e+02 2.600987000000012372e+00
7.282307421695896317e-04 1.266003670000000056e+02 2.200989000000030060e+00
7.476352855516437117e-04 1.266003670000000056e+02 2.200989000000030060e+00
7.675568852484918828e-04 1.266003670000000056e+02 2.200989000000030060e+00
7.880093188186882433e-04 1.266003670000000056e+02 2.200989000000030060e+00
8.090067309396381610e-04 1.266003670000000056e+02 2.200989000000030060e+00
8.305636431898991102e-04 1.266003670000000056e+02 2.200989000000030060e+00
8.526949640921440950e-04 1.266003670000000056e+02 3.400983000000005418e+00
8.754159994237333811e-04 1.266003670000000056e+02 2.200989000000030060e+00
8.987424628020208904e-04 1.266003670000000056e+02 2.200989000000030060e+00
9.226904865517165499e-04 1.266003670000000056e+02 2.200989000000030060e+00
9.472766328618262462e-04 1.266003670000000056e+02 2.200989000000030060e+00
9.725179052398780655e-04 1.266003670000000056e+02 2.200989000000030060e+00
9.984317602713599013e-04 1.266003670000000056e+02 2.200989000000030060e+00
1.025036119692503958e-03 1.266003670000000056e+02 2.200989000000030060e+00
1.052349382784758701e-03 1.266003670000000056e+02 2.600987000000012372e+00
1.080390439099529172e-03 1.266003670000000056e+02 2.200989000000030060e+00
1.109178681521984407e-03 1.266003670000000056e+02 2.200989000000030060e+00
1.138734019682962912e-03 1.266003670000000056e+02 2.200989000000030060e+00
1.169076893728251357e-03 1.266003670000000056e+02 2.200989000000030060e+00
1.200228288454765514e-03 1.266003670000000056e+02 2.200989000000030060e+00
1.232209747823402547e-03 1.266003670000000056e+02 2.200989000000030060e+00
1.265043389858608270e-03 1.266003670000000056e+02 2.200989000000030060e+00
1.298751921944961028e-03 1.266003670000000056e+02 2.200989000000030060e+00
1.333358656531343812e-03 1.266003670000000056e+02 2.200989000000030060e+00
1.368887527253577659e-03 1.266003670000000056e+02 2.200989000000030060e+00
1.405363105486662342e-03 1.266003670000000056e+02 2.200989000000030060e+00
1.442810617338067918e-03 1.266003670000000056e+02 2.200989000000030060e+00
1.481255961093831588e-03 1.266003670000000056e+02 2.200989000000030060e+00
1.520725725129525550e-03 1.266003670000000056e+02 2.200989000000030060e+00
1.561247206298483703e-03 1.266003670000000056e+02 2.200989000000030060e+00
1.602848428810007284e-03 1.266003670000000056e+02 2.200989000000030060e+00
1.645558163610598467e-03 1.266003670000000056e+02 2.200989000000030060e+00
1.689405948281626560e-03 1.266003670000000056e+02 2.200989000000030060e+00
1.734422107467195086e-03 1.266003670000000056e+02 2.200989000000030060e+00
1.780637773846331694e-03 1.266003670000000056e+02 2.200989000000030060e+00
1.828084909664003414e-03 1.266003670000000056e+02 2.200989000000030060e+00
1.876796328835857869e-03 1.266003670000000056e+02 2.200989000000030060e+00
1.926805719641958839e-03 1.266003670000000056e+02 2.200989000000030060e+00
1.978147668025229729e-03 1.266003670000000056e+02 2.200989000000030060e+00
2.030857681510714677e-03 1.266003670000000056e+02 2.200989000000030060e+00
2.084972213762190281e-03 1.266003670000000056e+02 2.200989000000030060e+00
2.140528689793112869e-03 1.266003670000000056e+02 2.200989000000030060e+00
2.197565531849348264e-03 1.266003670000000056e+02 2.200989000000030060e+00
2.256122185981571885e-03 1.266003670000000056e+02 2.200989000000030060e+00
2.316239149325723112e-03 1.266003670000000056e+02 2.200989000000030060e+00
2.377957998110379490e-03 1.266003670000000056e+02 2.200989000000030060e+00
2.441321416410413732e-03 1.266003670000000056e+02 2.200989000000030060e+00
2.506373225666828214e-03 1.266003670000000056e+02 2.200989000000030060e+00
2.573158414993185518e-03 1.266003670000000056e+02 2.200989000000030060e+00
2.641723172289580941e-03 1.266003670000000056e+02 2.200989000000030060e+00
2.712114916185683587e-03 1.266003670000000056e+02 2.200989000000030060e+00
2.784382328834937321e-03 1.266003670000000056e+02 2.200989000000030060e+00
2.858575389582597871e-03 1.266003670000000056e+02 2.200989000000030060e+00
2.934745409530902568e-03 1.266003670000000056e+02 2.200989000000030060e+00
3.012945067025263757e-03 1.266003670000000056e+02 2.200989000000030060e+00
3.093228444086024414e-03 1.266003670000000056e+02 2.200989000000030060e+00
3.175651063810985830e-03 1.266003670000000056e+02 2.200989000000030060e+00
3.260269928774578614e-03 1.266003670000000056e+02 2.200989000000030060e+00
3.347143560450207850e-03 1.266003670000000056e+02 2.200989000000030060e+00
3.436332039683062667e-03 1.266003670000000056e+02 2.200989000000030060e+00
3.527897048241360016e-03 1.266003670000000056e+02 2.600987000000012372e+00
3.621901911474773982e-03 1.266003670000000056e+02 2.600987000000012372e+00
3.718411642109557391e-03 1.266003670000000056e+02 2.600987000000012372e+00
3.817492985210624041e-03 1.266003670000000056e+02 2.600987000000012372e+00
3.919214464341692558e-03 1.266003670000000056e+02 2.600987000000012372e+00
4.023646428955432452e-03 1.266003670000000056e+02 2.600987000000012372e+00
4.130861103046367007e-03 1.266003670000000056e+02 2.600987000000012372e+00
4.240932635100193131e-03 1.266003670000000056e+02 2.600987000000012372e+00
4.353937149374057826e-03 1.266003670000000056e+02 2.600987000000012372e+00
4.469952798543249881e-03 1.270003650000000164e+02 2.600987000000012372e+00
4.589059817750724274e-03 1.270003650000000164e+02 2.600987000000012372e+00
4.711340580096851256e-03 1.270003650000000164e+02 2.600987000000012372e+00
4.836879653607744842e-03 1.270003650000000164e+02 2.600987000000012372e+00
4.965763859721565414e-03 1.270003650000000164e+02 2.600987000000012372e+00
5.098082333333276220e-03 1.270003650000000164e+02 2.600987000000012372e+00
5.233926584439350937e-03 1.270003650000000164e+02 2.600987000000012372e+00
5.373390561425076158e-03 1.270003650000000164e+02 2.600987000000012372e+00
5.516570716038228864e-03 1.270003650000000164e+02 2.600987000000012372e+00
5.663566070094026156e-03 1.270003650000000164e+02 2.600987000000012372e+00
5.814478283957521219e-03 1.270003650000000164e+02 2.600987000000012372e+00
5.969411726850800022e-03 1.270003650000000164e+02 2.600987000000012372e+00
6.128473549033583954e-03 1.270003650000000164e+02 2.600987000000012372e+00
6.291773755907162022e-03 1.274003630000000129e+02 2.600987000000012372e+00
6.459425284092908462e-03 1.274003630000000129e+02 2.600987000000012372e+00
6.631544079538003421e-03 1.274003630000000129e+02 2.600987000000012372e+00
6.808249177702383782e-03 1.274003630000000129e+02 2.600987000000012372e+00
6.989662785882349433e-03 1.274003630000000129e+02 2.600987000000012372e+00
7.175910367727774200e-03 1.274003630000000129e+02 2.600987000000012372e+00
7.367120730011378175e-03 1.274003630000000129e+02 2.600987000000012372e+00
7.563426111710082854e-03 1.274003630000000129e+02 2.600987000000012372e+00
7.764962275460030039e-03 1.278003610000000094e+02 2.600987000000012372e+00
7.971868601448514266e-03 1.278003610000000094e+02 2.600987000000012372e+00
8.184288183807784597e-03 1.278003610000000094e+02 2.600987000000012372e+00
8.402367929577356925e-03 1.278003610000000094e+02 2.600987000000012372e+00
8.626258660303318462e-03 1.278003610000000094e+02 2.600987000000012372e+00
8.856115216344856433e-03 1.282003589999999917e+02 2.600987000000012372e+00
9.092096563960106945e-03 1.282003589999999917e+02 2.600987000000012372e+00
9.334365905245485193e-03 1.282003589999999917e+02 2.600987000000012372e+00
9.583090791004455350e-03 1.282003589999999917e+02 2.600987000000012372e+00
9.838443236623813093e-03 1.282003589999999917e+02 2.600987000000012372e+00
1.010059984103764408e-02 1.286003570000000025e+02 2.600987000000012372e+00
1.036974190886116864e-02 1.286003570000000025e+02 2.600987000000012372e+00
1.064605557577903705e-02 1.286003570000000025e+02 3.000985000000023106e+00
1.092973193727470906e-02 1.290003550000000132e+02 3.000985000000023106e+00
1.122096718078998204e-02 1.290003550000000132e+02 3.000985000000023106e+00
1.151996272140605980e-02 1.290003550000000132e+02 3.000985000000023106e+00
1.182692534114000195e-02 1.294003529999999955e+02 3.000985000000023106e+00
1.214206733195288129e-02 1.294003529999999955e+02 3.000985000000023106e+00
1.246560664256856320e-02 1.298003509999999778e+02 3.000985000000023106e+00
1.279776702920466108e-02 1.298003509999999778e+02 3.000985000000023106e+00
1.313877821031982258e-02 1.302003490000000170e+02 3.000985000000023106e+00
1.348887602548451761e-02 1.302003490000000170e+02 3.000985000000023106e+00
1.384830259848506689e-02 1.306003469999999993e+02 3.000985000000023106e+00
1.421730650477379121e-02 1.310003449999999816e+02 3.000985000000023106e+00
1.459614294338104114e-02 1.310003449999999816e+02 3.000985000000023106e+00
1.498507391340803997e-02 1.314003429999999923e+02 3.000985000000023106e+00
1.538436839522256544e-02 1.318003410000000031e+02 3.000985000000023106e+00
1.579430253648279533e-02 1.322003389999999854e+02 3.000985000000023106e+00
1.621515984311802314e-02 1.998000009999999804e+02 3.000985000000023106e+00
1.664723137539817280e-02 1.998000009999999804e+02 3.000985000000023106e+00
1.709081594922790340e-02 1.998000009999999804e+02 3.000985000000023106e+00
1.754622034280438336e-02 1.998000009999999804e+02 3.000985000000023106e+00
1.801375950878171886e-02 1.998000009999999804e+02 3.000985000000023106e+00
1.849375679208872109e-02 1.998000009999999804e+02 3.000985000000023106e+00
1.898654415355068709e-02 1.998000009999999804e+02 3.000985000000023106e+00
1.949246239946986550e-02 1.998000009999999804e+02 3.000985000000023106e+00
2.001186141732329976e-02 1.998000009999999804e+02 3.000985000000023106e+00
2.054510041774120638e-02 1.998000009999999804e+02 3.000985000000023106e+00
2.109254818293301859e-02 1.998000009999999804e+02 3.000985000000023106e+00
2.165458332173312433e-02 1.998000009999999804e+02 3.000985000000023106e+00
2.223159453144255698e-02 1.998000009999999804e+02 3.000985000000023106e+00
2.282398086664776463e-02 1.998000009999999804e+02 3.000985000000023106e+00
2.343215201520235449e-02 1.998000009999999804e+02 3.000985000000023106e+00
2.405652858156266671e-02 1.998000009999999804e+02 3.000985000000023106e+00
2.469754237767324972e-02 1.998000009999999804e+02 2.600987000000012372e+00
2.535563672160314613e-02 1.998000009999999804e+02 2.600987000000012372e+00
2.603126674413983738e-02 1.998000009999999804e+02 2.600987000000012372e+00
2.672489970355265004e-02 1.998000009999999804e+02 2.600987000000012372e+00
2.743701530874343222e-02 1.998000009999999804e+02 2.600987000000012372e+00
2.816810605100793230e-02 1.998000009999999804e+02 2.600987000000012372e+00
2.891867754463732856e-02 1.998000009999999804e+02 2.600987000000012372e+00
2.968924887659555104e-02 1.998000009999999804e+02 2.600987000000012372e+00
3.048035296551402859e-02 1.998000009999999804e+02 2.600987000000012372e+00
3.129253693025235705e-02 1.998000009999999804e+02 2.600987000000012372e+00
3.212636246827970526e-02 1.970000149999999906e+02 2.600987000000012372e+00
3.298240624413852073e-02 1.946000269999999830e+02 2.600987000000012372e+00
3.386126028825943435e-02 1.870000650000000064e+02 2.600987000000012372e+00
3.476353240640291803e-02 1.806000970000000052e+02 2.600987000000012372e+00
3.568984660001106590e-02 1.746001269999999863e+02 2.600987000000012372e+00
3.664084349776009636e-02 1.698001509999999996e+02 2.600987000000012372e+00
3.761718079861214176e-02 1.650001749999999845e+02 2.600987000000012372e+00
3.861953372667247669e-02 1.586002070000000117e+02 2.600987000000012372e+00
3.964859549816714124e-02 8.860055700000000911e+01 2.600987000000012372e+00
4.070507780086363159e-02 8.820055900000001259e+01 2.600987000000012372e+00
4.178971128626625398e-02 8.780056100000001607e+01 2.600987000000012372e+00
4.290324607492671666e-02 8.700056500000000881e+01 2.600987000000012372e+00
4.404645227521918061e-02 8.660056700000001229e+01 2.600987000000012372e+00
4.522012051593871096e-02 8.580057100000001924e+01 2.600987000000012372e+00
4.642506249309143879e-02 8.460057700000001546e+01 2.600987000000012372e+00
4.766211153125464450e-02 8.300058500000001516e+01 2.600987000000012372e+00
4.893212315989466099e-02 8.100059500000001833e+01 2.600987000000012372e+00
5.023597570504177018e-02 7.900060500000002151e+01 2.600987000000012372e+00
5.157457089673073147e-02 1.982000089999999943e+02 2.600987000000012372e+00
5.294883449262733494e-02 1.998000009999999804e+02 2.600987000000012372e+00
5.435971691827218982e-02 1.998000009999999804e+02 2.600987000000012372e+00
5.580819392438452625e-02 1.998000009999999804e+02 2.600987000000012372e+00
5.729526726168070183e-02 1.998000009999999804e+02 2.600987000000012372e+00
5.882196537367382488e-02 1.998000009999999804e+02 2.200989000000030060e+00
6.038934410793402041e-02 1.970000149999999906e+02 2.200989000000030060e+00
6.199848744630093861e-02 1.942000290000000007e+02 2.200989000000030060e+00
6.365050825455365047e-02 1.850000749999999812e+02 2.200989000000030060e+00
6.534654905205633524e-02 1.790001049999999907e+02 2.200989000000030060e+00
6.708778280191199372e-02 1.742001290000000040e+02 2.200989000000030060e+00
6.887541372217100000e-02 1.694001529999999889e+02 2.200989000000030060e+00
7.071067811865475172e-02 1.638001810000000091e+02 2.200989000000030060e+00
7.259484523997129790e-02 1.590002049999999940e+02 2.200989000000030060e+00
7.452921815531367289e-02 1.534002329999999859e+02 2.200989000000030060e+00
7.651513465564807603e-02 1.478002610000000061e+02 2.200989000000030060e+00
7.855396817891542594e-02 1.418002909999999872e+02 2.200989000000030060e+00
8.064712875988590268e-02 1.366003169999999898e+02 2.200989000000030060e+00
8.279606400532335542e-02 1.322003389999999854e+02 2.200989000000030060e+00
8.500226009513417447e-02 1.282003589999999917e+02 2.200989000000030060e+00
8.726724281019312968e-02 1.982000089999999943e+02 2.200989000000030060e+00
8.959257858755624582e-02 1.950000249999999937e+02 2.200989000000030060e+00
9.197987560379160266e-02 1.946000269999999830e+02 2.200989000000030060e+00
9.443078488717648877e-02 8.900055500000001985e+01 2.200989000000030060e+00
9.694700145953027981e-02 8.860055700000000911e+01 2.200989000000030060e+00
9.953026550847290932e-02 8.820055900000001259e+01 2.200989000000030060e+00
1.021823635909193534e-01 8.780056100000001607e+01 2.200989000000030060e+00
1.049051298686427131e-01 8.740056300000001954e+01 2.200989000000030060e+00
1.077004473767602111e-01 8.700056500000000881e+01 2.200989000000030060e+00
1.105702493260197067e-01 8.660056700000001229e+01 2.200989000000030060e+00
1.135165204397865918e-01 1.306003469999999993e+02 2.200989000000030060e+00
1.165412983266568003e-01 1.306003469999999993e+02 2.200989000000030060e+00
1.196466748896444082e-01 1.302003490000000170e+02 2.200989000000030060e+00
1.228347977729185997e-01 1.302003490000000170e+02 2.200989000000030060e+00
1.261078718470907689e-01 1.330003350000000069e+02 2.200989000000030060e+00
1.294681607340785467e-01 1.318003410000000031e+02 2.200989000000030060e+00
1.329179883726021028e-01 1.290003550000000132e+02 2.200989000000030060e+00
1.364597406253940659e-01 1.258003710000000126e+02 2.200989000000030060e+00
1.400958669292361736e-01 1.226003870000000120e+02 2.200989000000030060e+00
1.438288819889626258e-01 1.190004050000000149e+02 2.200989000000030060e+00
1.476613675166021378e-01 1.150004250000000070e+02 2.200989000000030060e+00
1.515959740168617287e-01 6.980065100000003042e+01 2.200989000000030060e+00
1.556354226201861757e-01 6.820065900000001591e+01 2.200989000000030060e+00
1.597825069646622853e-01 6.660066700000002982e+01 2.200989000000030060e+00
1.640400951280676367e-01 6.500067500000001530e+01 2.200989000000030060e+00
1.684111316114018930e-01 6.380068100000000442e+01 2.200989000000030060e+00
1.728986393752710848e-01 1.246003770000000088e+02 2.200989000000030060e+00
1.775057219305338496e-01 1.246003770000000088e+02 2.200989000000030060e+00
1.822355654846552209e-01 1.254003730000000161e+02 2.200989000000030060e+00
1.870914411452527237e-01 1.238003810000000158e+02 2.200989000000030060e+00
1.920767071823580308e-01 1.210003950000000117e+02 2.200989000000030060e+00
1.971948113509597311e-01 1.174004130000000146e+02 2.200989000000030060e+00
2.024492932754327346e-01 1.006004970000000185e+02 2.200989000000030060e+00
2.078437868975029357e-01 5.220073900000000577e+01 2.200989000000030060e+00
2.133820229894417275e-01 5.100074500000000199e+01 2.200989000000030060e+00
2.190678317342266701e-01 4.940075300000001590e+01 2.200989000000030060e+00
2.249051453744538576e-01 4.820075900000001212e+01 2.200989000000030060e+00
2.308980009318335469e-01 4.700076500000000834e+01 2.200989000000030060e+00
2.370505429991497659e-01 4.620076900000001530e+01 2.200989000000030060e+00
2.433670266066150223e-01 1.178004110000000111e+02 2.200989000000030060e+00
2.498518201646020565e-01 6.340068300000002210e+01 2.200989000000030060e+00
2.565094084847887590e-01 1.018004910000000081e+02 2.200989000000030060e+00
2.633443958818039166e-01 6.180069100000000759e+01 2.200989000000030060e+00
2.703615093575204575e-01 6.100069500000001455e+01 2.200989000000030060e+00
2.775656018701980754e-01 5.940070300000000003e+01 2.200989000000030060e+00
2.849616556907355047e-01 5.820070900000002467e+01 2.200989000000030060e+00
2.925547858483540375e-01 5.700071500000002089e+01 2.200989000000030060e+00
3.003502436680951515e-01 5.540072300000000638e+01 2.200989000000030060e+00
3.083534204025796255e-01 5.420072900000000260e+01 2.200989000000030060e+00
3.165698509605375799e-01 5.260073700000001651e+01 2.200989000000030060e+00
3.250052177346905991e-01 5.140074300000001273e+01 2.200989000000030060e+00
3.336653545316318747e-01 5.020074900000000895e+01 2.200989000000030060e+00
3.425562506064225299e-01 4.900075500000000517e+01 2.200989000000030060e+00
3.516840548046942239e-01 4.780076100000000139e+01 2.200989000000030060e+00
3.610550798151228591e-01 4.660076700000002603e+01 2.200989000000030060e+00
3.706758065352150355e-01 4.540077300000002225e+01 2.200989000000030060e+00
3.805528885534243400e-01 4.420077900000001847e+01 2.200989000000030060e+00
3.906931567507002101e-01 4.300078500000001469e+01 2.200989000000030060e+00
4.011036240246498852e-01 4.220078900000002164e+01 2.200989000000030060e+00
4.117914901395808847e-01 4.100079500000001786e+01 2.200989000000030060e+00
4.227641467057786095e-01 4.020079900000002482e+01 2.200989000000030060e+00
4.340291822914623676e-01 3.900080500000002104e+01 2.200989000000030060e+00
4.455943876709556606e-01 5.060074700000001968e+01 2.200989000000030060e+00
4.574677612126992199e-01 4.940075300000001590e+01 2.200989000000030060e+00
4.696575144108355859e-01 4.820075900000001212e+01 2.200989000000030060e+00
4.821720775641861745e-01 4.700076500000000834e+01 2.200989000000030060e+00
4.950201056065542393e-01 4.580077100000000456e+01 2.200989000000030060e+00
5.082104840923808986e-01 4.460077700000000078e+01 2.200989000000030060e+00
5.217523353418970222e-01 4.340078300000002542e+01 2.200989000000030060e+00
5.356550247500188044e-01 4.220078900000002164e+01 2.200989000000030060e+00
5.499281672633520301e-01 4.140079300000000018e+01 2.200989000000030060e+00
5.645816340297826752e-01 4.020079900000002482e+01 2.200989000000030060e+00
5.796255592252537170e-01 3.940080300000000335e+01 2.200989000000030060e+00
5.950703470624506553e-01 3.820080899999999957e+01 2.200989000000030060e+00
6.109266789862384250e-01 3.740081300000000653e+01 2.200989000000030060e+00
6.272055210608317166e-01 3.620081900000000275e+01 2.200989000000030060e+00
6.439181315538042849e-01 3.540082300000000970e+01 2.200989000000030060e+00
6.610760687221821641e-01 3.460082700000001665e+01 2.200989000000030060e+00
6.786911988060065903e-01 3.380083100000002361e+01 2.200989000000030060e+00
6.967757042348946550e-01 3.260083700000001983e+01 2.200989000000030060e+00
7.153420920532745919e-01 3.180084100000002678e+01 2.200989000000030060e+00
7.344032025701174859e-01 3.100084500000000531e+01 2.200989000000030060e+00
7.539722182391547234e-01 3.020084900000001227e+01 2.200989000000030060e+00
7.740626727757170533e-01 2.940085300000001922e+01 2.200989000000030060e+00
7.946884605165032145e-01 2.860085700000002618e+01 2.200989000000030060e+00
8.158638460287493954e-01 2.780086100000000471e+01 2.200989000000030060e+00
8.376034739754465441e-01 2.060089700000001045e+01 2.200989000000030060e+00
8.599223792434290692e-01 2.020089900000002814e+01 2.200989000000030060e+00
8.828359973413345552e-01 1.980090100000001740e+01 2.200989000000030060e+00
9.063601750746324015e-01 1.900090500000002436e+01 2.200989000000030060e+00
9.305111815050998159e-01 1.860090700000001362e+01 2.200989000000030060e+00
9.553057192023249877e-01 1.820090900000000289e+01 2.200989000000030060e+00
9.807609357950197726e-01 1.780091100000002058e+01 2.200989000000030060e+00
1.006894435830131496e+00 1.740091300000000984e+01 2.200989000000030060e+00
1.033724292947952206e+00 1.700091500000002753e+01 2.200989000000030060e+00
1.061269062381648975e+00 1.660091700000001680e+01 2.200989000000030060e+00
1.089547793789860108e+00 1.620091900000000606e+01 2.200989000000030060e+00
1.118580044431228160e+00 1.580092100000002553e+01 2.200989000000030060e+00
1.148385892689981702e+00 1.540092300000001480e+01 2.200989000000030060e+00
1.178985951961925460e+00 1.500092500000000406e+01 2.200989000000030060e+00
1.210401384910441802e+00 1.460092700000002175e+01 2.200989000000030060e+00
1.242653918102351263e+00 1.420092900000001102e+01 2.200989000000030060e+00
1.275765857033764217e+00 1.380093100000002870e+01 2.200989000000030060e+00
1.309760101556318945e+00 1.380093100000002870e+01 2.200989000000030060e+00
1.344660161714468449e+00 1.340093300000001797e+01 2.200989000000030060e+00
1.380490174004764370e+00 1.300093500000000724e+01 2.200989000000030060e+00
1.417274918068393896e+00 1.300093500000000724e+01 2.200989000000030060e+00
1.455039833828502216e+00 1.260093700000002492e+01 2.200989000000030060e+00
1.493811039084165682e+00 1.220093900000001419e+01 2.200989000000030060e+00
1.533615347573176191e+00 1.220093900000001419e+01 2.200989000000030060e+00
1.574480287516121901e+00 1.180094100000000346e+01 2.200989000000030060e+00
1.616434120654604234e+00 1.140094300000002114e+01 2.200989000000030060e+00
1.659505861796741533e+00 1.140094300000002114e+01 2.200989000000030060e+00
1.703725298883493888e+00 1.100094500000001041e+01 2.200989000000030060e+00
1.749123013589677367e+00 1.060094700000002810e+01 2.200989000000030060e+00
1.795730402473908915e+00 1.060094700000002810e+01 2.200989000000030060e+00
1.843579698692118241e+00 1.020094900000001736e+01 2.200989000000030060e+00
1.892703994289643976e+00 1.020094900000001736e+01 2.200989000000030060e+00
1.943137263087333366e+00 9.800951000000006630e+00 2.200989000000030060e+00
1.994914384177453703e+00 9.400953000000024318e+00 2.200989000000030060e+00
2.048071166045694280e+00 9.400953000000024318e+00 2.200989000000030060e+00
2.102644371335911533e+00 9.000955000000013584e+00 2.200989000000030060e+00
2.158671742274774097e+00 9.000955000000013584e+00 2.200989000000030060e+00
2.216192026773872392e+00 8.600957000000002850e+00 2.200989000000030060e+00
2.275245005227344297e+00 8.600957000000002850e+00 2.200989000000030060e+00
2.335871518023552085e+00 8.200959000000020538e+00 2.200989000000030060e+00
2.398113493789848505e+00 8.200959000000020538e+00 2.200989000000030060e+00
2.462013978389956836e+00 7.800961000000009804e+00 2.200989000000030060e+00
2.527617164694010210e+00 7.800961000000009804e+00 2.200989000000030060e+00
2.594968423141855496e+00 5.400973000000030666e+00 2.200989000000030060e+00
2.664114333120743527e+00 5.400973000000030666e+00 2.200989000000030060e+00
2.735102715179123845e+00 5.000975000000019932e+00 2.200989000000030060e+00
2.807982664098811920e+00 5.000975000000019932e+00 2.200989000000030060e+00
2.882804582848395913e+00 5.000975000000019932e+00 2.200989000000030060e+00
2.959620217441365941e+00 5.000975000000019932e+00 2.200989000000030060e+00
3.038482692723094569e+00 5.000975000000019932e+00 2.200989000000030060e+00
3.119446549111395406e+00 4.600977000000009198e+00 2.200989000000030060e+00
3.202567780316069257e+00 4.600977000000009198e+00 2.200989000000030060e+00
3.287903872063540067e+00 4.600977000000009198e+00 2.200989000000030060e+00
3.375513841853340580e+00 4.600977000000009198e+00 2.200989000000030060e+00
3.465458279773969252e+00 4.200979000000026886e+00 2.200989000000030060e+00
3.557799390406333639e+00 4.200979000000026886e+00 2.200989000000030060e+00
3.652601035843748178e+00 4.200979000000026886e+00 2.200989000000030060e+00
3.749928779858242134e+00 4.200979000000026886e+00 2.200989000000030060e+00
3.849849933243751021e+00 4.200979000000026886e+00 2.200989000000030060e+00
3.952433600367526445e+00 4.200979000000026886e+00 2.200989000000030060e+00
4.057750726961939058e+00 3.800981000000016152e+00 2.200989000000030060e+00
4.165874149189779274e+00 3.800981000000016152e+00 2.200989000000030060e+00
4.276878644016924191e+00 3.800981000000016152e+00 2.200989000000030060e+00
4.390840980927274373e+00 3.800981000000016152e+00 2.200989000000030060e+00
4.507839975015690115e+00 3.800981000000016152e+00 2.200989000000030060e+00
4.627956541495627185e+00 3.400983000000005418e+00 2.200989000000030060e+00
4.751273751659217837e+00 3.400983000000005418e+00 2.200989000000030060e+00
4.877876890328440851e+00 3.400983000000005418e+00 2.200989000000030060e+00
5.007853514837177222e+00 4.600977000000009198e+00 2.200989000000030060e+00
5.141293515584904661e+00 3.400983000000005418e+00 2.200989000000030060e+00
5.278289178203895204e+00 3.400983000000005418e+00 2.200989000000030060e+00
5.418935247382933085e+00 2.200989000000030060e+00 2.200989000000030060e+00
5.563328992391700645e+00 4.200979000000026886e+00 2.200989000000030060e+00
5.711570274351150722e+00 4.200979000000026886e+00 2.200989000000030060e+00
5.863761615296332330e+00 3.000985000000023106e+00 2.200989000000030060e+00
6.020008269079516694e+00 5.000975000000019932e+00 2.200989000000030060e+00
6.180418294162578263e+00 3.000985000000023106e+00 2.200989000000030060e+00
6.345102628349045482e+00 3.800981000000016152e+00 3.000985000000023106e+00
6.514175165507478660e+00 3.800981000000016152e+00 3.000985000000023106e+00
6.687752834339200092e+00 4.600977000000009198e+00 3.000985000000023106e+00
6.865955679244875043e+00 5.400973000000030666e+00 2.600987000000012372e+00
7.048906943345914833e+00 2.600987000000012372e+00 2.600987000000012372e+00
7.236733153718069467e+00 3.400983000000005418e+00 2.600987000000012372e+00
7.429564208896135113e+00 4.200979000000026886e+00 2.600987000000012372e+00
7.627533468710368858e+00 7.400963000000027492e+00 2.600987000000012372e+00
7.830777846516647323e+00 2.600987000000012372e+00 2.600987000000012372e+00
8.039437903884248726e+00 9.000955000000013584e+00 2.600987000000012372e+00
8.253657947806697592e+00 4.200979000000026886e+00 2.600987000000012372e+00
8.473586130502877012e+00 3.400983000000005418e+00 2.600987000000012372e+00
8.699374551877466999e+00 6.200969000000023712e+00 2.600987000000012372e+00
8.931179364711550051e+00 3.000985000000023106e+00 3.000985000000023106e+00
9.169160882656157696e+00 3.800981000000016152e+00 3.000985000000023106e+00
9.413483691103451179e+00 5.800971000000012978e+00 2.200989000000030060e+00
9.664316761012136325e+00 5.000975000000019932e+00 2.200989000000030060e+00
9.921833565765901142e+00 4.200979000000026886e+00 2.200989000000030060e+00
1.018621220114570924e+01 5.400973000000030666e+00 2.200989000000030060e+00
1.045763550849889612e+01 3.400983000000005418e+00 2.200989000000030060e+00
1.073629120119020364e+01 4.600977000000009198e+00 2.200989000000030060e+00
1.102237199442228643e+01 3.800981000000016152e+00 2.200989000000030060e+00
1.131607573851539250e+01 5.000975000000019932e+00 2.200989000000030060e+00
1.161760555573847320e+01 5.400973000000030666e+00 2.200989000000030060e+00
1.192716998078634738e+01 5.800971000000012978e+00 2.200989000000030060e+00
1.224498310499994780e+01 6.200969000000023712e+00 2.200989000000030060e+00
1.257126472442952370e+01 6.600967000000006024e+00 2.200989000000030060e+00
1.290624049184317812e+01 9.400953000000024318e+00 2.200989000000030060e+00
1.325014207278586476e+01 1.060094700000002810e+01 2.200989000000030060e+00
1.360320730579668336e+01 1.500092500000000406e+01 2.200989000000030060e+00
1.396568036689541437e+01 1.820090900000000289e+01 2.200989000000030060e+00
1.433781193845191737e+01 2.260088700000000728e+01 2.200989000000030060e+00
1.471985938255532211e+01 3.620081900000000275e+01 2.200989000000030060e+00
1.511208691900283796e+01 1.226003870000000120e+02 2.600987000000012372e+00
1.551476580803122474e+01 1.898000509999999963e+02 4.200979000000026886e+00
1.592817453791734472e+01 1.962000189999999975e+02 2.220088900000002496e+01
1.635259901757761369e+01 1.182004090000000076e+02 9.000955000000013584e+00
1.678833277429948723e+01 3.060084700000002300e+01 6.200969000000023712e+00
1.723567715674164091e+01 1.860090700000001362e+01 5.000975000000019932e+00
1.769494154334342184e+01 1.740091300000000984e+01 4.200979000000026886e+00
1.816644355628750773e+01 1.180094100000000346e+01 3.800981000000016152e+00
1.865050928116391660e+01 8.200959000000020538e+00 3.400983000000005418e+00
1.914747349248728625e+01 7.000965000000016758e+00 3.000985000000023106e+00
1.965767988522314624e+01 6.200969000000023712e+00 3.000985000000023106e+00
2.018148131248357657e+01 5.800971000000012978e+00 3.000985000000023106e+00
2.071924002955651289e+01 4.200979000000026886e+00 2.600987000000012372e+00
2.127132794443759778e+01 3.800981000000016152e+00 2.600987000000012372e+00
2.183812687503754191e+01 5.400973000000030666e+00 2.600987000000012372e+00
2.242002881324326324e+01 5.000975000000019932e+00 2.200989000000030060e+00
2.301743619601504776e+01 4.200979000000026886e+00 2.200989000000030060e+00
2.363076218370757786e+01 3.800981000000016152e+00 2.200989000000030060e+00
2.426043094580710502e+01 7.400963000000027492e+00 2.200989000000030060e+00
2.490687795428233997e+01 4.200979000000026886e+00 2.200989000000030060e+00
2.557055028475208758e+01 4.600977000000009198e+00 2.600987000000012372e+00
2.625190692567775486e+01 5.000975000000019932e+00 2.600987000000012372e+00
2.695141909579473705e+01 5.800971000000012978e+00 3.000985000000023106e+00
2.766957057000216125e+01 6.600967000000006024e+00 3.000985000000023106e+00
2.840685801393622611e+01 9.800951000000006630e+00 3.400983000000005418e+00
2.916379132745860048e+01 1.540092300000001480e+01 3.800981000000016152e+00
2.994089399729760714e+01 2.340088300000000032e+01 5.000975000000019932e+00
3.073870345908593293e+01 1.222003890000000155e+02 2.200989000000030060e+00
3.155777146904507546e+01 1.742001290000000040e+02 2.200989000000030060e+00
3.239866448557394563e+01 4.300078500000001469e+01 2.200989000000030060e+00
3.326196406100513769e+01 2.060089700000001045e+01 2.200989000000030060e+00
3.414826724380014866e+01 1.180094100000000346e+01 2.200989000000030060e+00
3.505818699146162487e+01 7.800961000000009804e+00 2.200989000000030060e+00
3.599235259444789392e+01 6.200969000000023712e+00 2.200989000000030060e+00
3.695141011138326093e+01 5.400973000000030666e+00 2.200989000000030060e+00
3.793602281586506564e+01 6.600967000000006024e+00 3.000985000000023106e+00
3.894687165517649419e+01 5.800971000000012978e+00 2.600987000000012372e+00
3.998465572122207590e+01 7.000965000000016758e+00 2.600987000000012372e+00
4.105009273401200431e+01 7.000965000000016758e+00 2.200989000000030060e+00
4.214391953802928725e+01 5.800971000000012978e+00 2.200989000000030060e+00
4.326689261182328750e+01 7.400963000000027492e+00 2.200989000000030060e+00
4.441978859118206913e+01 1.220093900000001419e+01 2.200989000000030060e+00
4.560340480624500259e+01 2.860085700000002618e+01 2.200989000000030060e+00
4.681855983292759760e+01 1.938000309999999899e+02 3.800981000000016152e+00
4.806609405903938637e+01 5.460072700000001333e+01 7.000965000000016758e+00
