# r1, r2, mask (1==failed, 2==success)
198.5000075 199.5000025 0
197.5000125 198.5000075 0
196.5000175 197.5000125 0
195.5000225 196.5000175 0
194.5000275 195.5000225 0
193.5000325 194.5000275 0
192.5000375 193.5000325 0
191.5000425 192.5000375 0
190.5000475 191.5000425 0
189.5000525 190.5000475 0
188.5000575 189.5000525 0
187.5000625 188.5000575 0
186.5000675 187.5000625 0
185.5000725 186.5000675 0
184.5000775 185.5000725 0
183.5000825 184.5000775 0
182.5000875 183.5000825 1
181.5000925 182.5000875 1
180.5000975 181.5000925 1
179.5001025 180.5000975 1
178.5001075 179.5001025 1
177.5001125 178.5001075 1
176.5001175 177.5001125 1
175.5001225 176.5001175 1
174.5001275 175.5001225 1
173.5001325 174.5001275 1
172.5001375 173.5001325 1
171.5001425 172.5001375 1
170.5001475 171.5001425 1
169.5001525 170.5001475 1
168.5001575 169.5001525 1
167.5001625 168.5001575 1
166.5001675 167.5001625 1
165.5001725 166.5001675 1
164.5001775 165.5001725 1
163.5001825 164.5001775 1
162.5001875 163.5001825 1
161.5001925 162.5001875 1
160.5001975 161.5001925 1
159.5002025 160.5001975 1
158.5002075 159.5002025 1
157.5002125 158.5002075 1
156.5002175 157.5002125 1
155.5002225 156.5002175 1
154.5002275 155.5002225 1
153.5002325 154.5002275 1
152.5002375 153.5002325 1
151.5002425 152.5002375 1
150.5002475 151.5002425 1
149.5002525 150.5002475 1
148.5002575 149.5002525 1
147.5002625 148.5002575 1
146.5002675 147.5002625 1
145.5002725 146.5002675 1
144.5002775 145.5002725 1
143.5002825 144.5002775 1
142.5002875 143.5002825 1
141.5002925 142.5002875 1
140.5002975 141.5002925 1
139.5003025 140.5002975 1
138.5003075 139.5003025 1
137.5003125 138.5003075 1
136.5003175 137.5003125 1
135.5003225 136.5003175 1
134.5003275 135.5003225 0
133.5003325 134.5003275 0
132.5003375 133.5003325 0
131.5003425 132.5003375 0
130.5003475 131.5003425 0
129.5003525 130.5003475 0
128.5003575 129.5003525 0
127.5003625 128.5003575 0
126.5003675 127.5003625 0
125.5003725 126.5003675 0
124.5003775 125.5003725 0
123.5003825 124.5003775 0
122.5003875 123.5003825 0
121.5003925 122.5003875 0
120.5003975 121.5003925 0
119.5004025 120.5003975 0
118.5004075 119.5004025 0
117.5004125 118.5004075 0
116.5004175 117.5004125 0
115.5004225 116.5004175 0
114.5004275 115.5004225 0
113.5004325 114.5004275 0
112.5004375 113.5004325 0
111.5004425 112.5004375 0
110.5004475 111.5004425 0
109.5004525 110.5004475 0
108.5004575 109.5004525 0
107.5004625 108.5004575 0
106.5004675 107.5004625 0
105.5004725 106.5004675 0
104.5004775 105.5004725 0
103.5004825 104.5004775 0
102.5004875 103.5004825 0
101.5004925 102.5004875 0
100.5004975 101.5004925 0
99.5005025 100.5004975 0
98.5005075 99.5005025 0
97.5005125 98.5005075 0
96.5005175 97.5005125 0
95.5005225 96.5005175 0
94.5005275 95.5005225 0
93.5005325 94.5005275 0
92.5005375 93.5005325 0
91.5005425 92.5005375 0
90.5005475 91.5005425 0
89.5005525 90.5005475 0
88.5005575 89.5005525 0
87.5005625 88.5005575 0
86.5005675 87.5005625 0
85.5005725 86.5005675 0
84.5005775 85.5005725 0
83.5005825 84.5005775 0
82.5005875 83.5005825 0
81.5005925 82.5005875 0
80.5005975 81.5005925 0
79.5006025 80.5005975 0
78.5006075 79.5006025 0
77.5006125 78.5006075 0
76.5006175 77.5006125 0
75.5006225 76.5006175 0
74.5006275 75.5006225 0
73.5006325 74.5006275 0
72.5006375 73.5006325 0
71.5006425 72.5006375 0
70.5006475 71.5006425 0
69.5006525 70.5006475 0
68.5006575 69.5006525 0
67.5006625 68.5006575 0
66.5006675 67.5006625 0
65.5006725 66.5006675 0
64.5006775 65.5006725 0
63.5006825 64.5006775 0
62.5006875 63.5006825 0
61.5006925 62.5006875 0
60.5006975 61.5006925 0
59.5007025 60.5006975 0
58.5007075 59.5007025 0
57.5007125 58.5007075 0
56.5007175 57.5007125 0
55.5007225 56.5007175 0
54.5007275 55.5007225 0
53.5007325 54.5007275 0
52.5007375 53.5007325 0
51.5007425 52.5007375 0
50.5007475 51.5007425 0
49.5007525 50.5007475 0
48.5007575 49.5007525 0
47.5007625 48.5007575 0
46.5007675 47.5007625 0
45.5007725 46.5007675 0
44.5007775 45.5007725 0
43.5007825 44.5007775 0
42.5007875 43.5007825 0
41.5007925 42.5007875 0
40.5007975 41.5007925 0
39.5008025 40.5007975 0
38.5008075 39.5008025 0
37.5008125 38.5008075 0
36.5008175 37.5008125 0
35.5008225 36.5008175 0
34.5008275 35.5008225 0
33.5008325 34.5008275 0
32.5008375 33.5008325 0
31.5008425 32.5008375 0
30.5008475 31.5008425 0
29.5008525 30.5008475 0
28.5008575 29.5008525 0
27.5008625 28.5008575 0
26.5008675 27.5008625 0
25.5008725 26.5008675 1
24.5008775 25.5008725 1
23.5008825 24.5008775 1
22.5008875 23.5008825 1
21.5008925 22.5008875 1
20.5008975 21.5008925 1
19.5009025 20.5008975 1
18.5009075 19.5009025 1
17.5009125 18.5009075 1
16.5009175 17.5009125 1
15.5009225 16.5009175 1
14.5009275 15.5009225 1
13.5009325 14.5009275 1
12.5009375 13.5009325 1
11.5009425 12.5009375 1
10.5009475 11.5009425 1
9.5009525 10.5009475 1
8.5009575 9.5009525 1
7.5009625 8.5009575 1
6.5009675 7.5009625 1
5.5009725 6.5009675 1
4.5009775 5.5009725 1
3.5009825 4.5009775 1
2.5009875 3.5009825 1
1.5009925 2.5009875 1
0.5009975 1.5009925 1
