# r1, r2, mask (1==failed, 2==success)
178.643969849 179.54798995 0
177.739949749 178.643969849 1
176.835929648 177.739949749 1
175.931909548 176.835929648 0
175.027889447 175.931909548 0
174.123869347 175.027889447 0
173.219849246 174.123869347 1
172.315829146 173.219849246 1
171.411809045 172.315829146 0
170.507788945 171.411809045 0
169.603768844 170.507788945 1
168.699748744 169.603768844 1
167.795728643 168.699748744 1
166.891708543 167.795728643 0
165.987688442 166.891708543 0
165.083668342 165.987688442 1
164.179648241 165.083668342 1
163.275628141 164.179648241 1
162.37160804 163.275628141 0
161.46758794 162.37160804 0
160.563567839 161.46758794 1
159.659547739 160.563567839 1
158.755527638 159.659547739 0
157.851507538 158.755527638 0
156.947487437 157.851507538 0
156.043467337 156.947487437 1
155.139447236 156.043467337 1
154.235427136 155.139447236 0
153.331407035 154.235427136 0
152.427386935 153.331407035 0
151.523366834 152.427386935 1
150.619346734 151.523366834 1
149.715326633 150.619346734 0
148.811306533 149.715326633 0
147.907286432 148.811306533 1
147.003266332 147.907286432 1
146.099246231 147.003266332 1
145.195226131 146.099246231 0
144.29120603 145.195226131 0
143.38718593 144.29120603 1
142.483165829 143.38718593 1
141.579145729 142.483165829 0
140.675125628 141.579145729 0
139.771105528 140.675125628 0
138.867085427 139.771105528 1
137.963065327 138.867085427 1
137.059045226 137.963065327 0
136.155025126 137.059045226 1
135.251005025 136.155025126 0
134.346984925 135.251005025 1
133.442964824 134.346984925 1
132.538944724 133.442964824 0
131.634924623 132.538944724 1
130.730904523 131.634924623 1
129.826884422 130.730904523 1
128.922864322 129.826884422 1
128.018844221 128.922864322 1
127.114824121 128.018844221 1
126.21080402 127.114824121 1
125.30678392 126.21080402 1
124.402763819 125.30678392 0
123.498743719 124.402763819 1
122.594723618 123.498743719 1
121.690703518 122.594723618 0
120.786683417 121.690703518 0
119.882663317 120.786683417 1
118.978643216 119.882663317 1
118.074623116 118.978643216 1
117.170603015 118.074623116 0
116.266582915 117.170603015 0
115.362562814 116.266582915 1
114.458542714 115.362562814 1
113.554522613 114.458542714 1
112.650502513 113.554522613 0
111.746482412 112.650502513 0
110.842462312 111.746482412 1
109.938442211 110.842462312 1
109.034422111 109.938442211 0
108.13040201 109.034422111 0
107.22638191 108.13040201 0
106.322361809 107.22638191 1
105.418341709 106.322361809 1
104.514321608 105.418341709 0
103.610301508 104.514321608 0
102.706281407 103.610301508 1
101.802261307 102.706281407 1
100.898241206 101.802261307 1
99.9942211055 100.898241206 0
99.090201005 99.9942211055 0
98.1861809045 99.090201005 1
97.282160804 98.1861809045 1
96.3781407035 97.282160804 1
95.474120603 96.3781407035 0
94.5701005025 95.474120603 0
93.666080402 94.5701005025 1
92.7620603015 93.666080402 1
91.858040201 92.7620603015 0
90.9540201005 91.858040201 0
90.05 90.9540201005 0
89.1459798995 90.05 1
88.241959799 89.1459798995 1
87.3379396985 88.241959799 0
86.433919598 87.3379396985 0
85.5298994975 86.433919598 0
84.625879397 85.5298994975 1
83.7218592965 84.625879397 1
82.817839196 83.7218592965 0
81.9138190955 82.817839196 0
81.009798995 81.9138190955 1
80.1057788945 81.009798995 1
79.201758794 80.1057788945 1
78.2977386935 79.201758794 0
77.393718593 78.2977386935 0
76.4896984925 77.393718593 1
75.585678392 76.4896984925 1
74.6816582915 75.585678392 1
73.777638191 74.6816582915 0
72.8736180905 73.777638191 0
71.9695979899 72.8736180905 1
71.0655778894 71.9695979899 1
70.1615577889 71.0655778894 0
69.2575376884 70.1615577889 0
68.3535175879 69.2575376884 0
67.4494974874 68.3535175879 1
66.5454773869 67.4494974874 1
65.6414572864 66.5454773869 0
64.7374371859 65.6414572864 0
63.8334170854 64.7374371859 1
62.9293969849 63.8334170854 1
62.0253768844 62.9293969849 1
61.1213567839 62.0253768844 0
60.2173366834 61.1213567839 0
59.3133165829 60.2173366834 1
58.4092964824 59.3133165829 1
57.5052763819 58.4092964824 1
56.6012562814 57.5052763819 0
55.6972361809 56.6012562814 0
54.7932160804 55.6972361809 1
53.8891959799 54.7932160804 1
52.9851758794 53.8891959799 0
52.0811557789 52.9851758794 0
51.1771356784 52.0811557789 0
50.2731155779 51.1771356784 1
49.3690954774 50.2731155779 1
48.4650753769 49.3690954774 0
47.5610552764 48.4650753769 0
46.6570351759 47.5610552764 0
45.7530150754 46.6570351759 1
44.8489949749 45.7530150754 1
43.9449748744 44.8489949749 0
43.0409547739 43.9449748744 0
42.1369346734 43.0409547739 1
41.2329145729 42.1369346734 1
40.3288944724 41.2329145729 1
39.4248743719 40.3288944724 0
38.5208542714 39.4248743719 0
37.6168341709 38.5208542714 1
36.7128140704 37.6168341709 1
35.8087939698 36.7128140704 1
34.9047738693 35.8087939698 0
34.0007537688 34.9047738693 0
33.0967336683 34.0007537688 1
32.1927135678 33.0967336683 1
31.2886934673 32.1927135678 0
30.3846733668 31.2886934673 0
29.4806532663 30.3846733668 0
28.5766331658 29.4806532663 1
27.6726130653 28.5766331658 1
26.7685929648 27.6726130653 0
25.8645728643 26.7685929648 0
24.9605527638 25.8645728643 1
24.0565326633 24.9605527638 1
23.1525125628 24.0565326633 1
22.2484924623 23.1525125628 0
21.3444723618 22.2484924623 0
20.4404522613 21.3444723618 1
19.5364321608 20.4404522613 1
18.6324120603 19.5364321608 1
17.7283919598 18.6324120603 0
16.8243718593 17.7283919598 0
15.9203517588 16.8243718593 1
15.0163316583 15.9203517588 1
14.1123115578 15.0163316583 0
13.2082914573 14.1123115578 0
12.3042713568 13.2082914573 0
11.4002512563 12.3042713568 1
10.4962311558 11.4002512563 1
9.59221105528 10.4962311558 0
8.68819095477 9.59221105528 0
7.78417085427 8.68819095477 0
6.88015075377 7.78417085427 1
5.97613065327 6.88015075377 1
5.07211055276 5.97613065327 0
4.16809045226 5.07211055276 0
3.26407035176 4.16809045226 1
2.36005025126 3.26407035176 1
1.45603015075 2.36005025126 1
0.552010050251 1.45603015075 0
