# r1, r2, mask (1==failed, 2==success)
199.400003 199.800001 1
199.000005 199.400003 0
198.600007 199.000005 0
198.200009 198.600007 1
197.800011 198.200009 1
197.400013 197.800011 1
197.000015 197.400013 0
196.600017 197.000015 0
196.200019 196.600017 0
195.800021 196.200019 1
195.400023 195.800021 1
195.000025 195.400023 1
194.600027 195.000025 1
194.200029 194.600027 1
193.800031 194.200029 1
193.400033 193.800031 1
193.000035 193.400033 0
192.600037 193.000035 0
192.200039 192.600037 0
191.800041 192.200039 1
191.400043 191.800041 1
191.000045 191.400043 0
190.600047 191.000045 0
190.200049 190.600047 0
189.800051 190.200049 1
189.400053 189.800051 1
189.000055 189.400053 1
188.600057 189.000055 1
188.200059 188.600057 1
187.800061 188.200059 1
187.400063 187.800061 1
187.000065 187.400063 1
186.600067 187.000065 0
186.200069 186.600067 0
185.800071 186.200069 0
185.400073 185.800071 0
185.000075 185.400073 0
184.600077 185.000075 0
184.200079 184.600077 0
183.800081 184.200079 0
183.400083 183.800081 1
183.000085 183.400083 1
182.600087 183.000085 1
182.200089 182.600087 1
181.800091 182.200089 1
181.400093 181.800091 1
181.000095 181.400093 1
180.600097 181.000095 1
180.200099 180.600097 0
179.800101 180.200099 0
179.400103 179.800101 0
179.000105 179.400103 0
178.600107 179.000105 0
178.200109 178.600107 0
177.800111 178.200109 0
177.400113 177.800111 1
177.000115 177.400113 1
176.600117 177.000115 1
176.200119 176.600117 1
175.800121 176.200119 1
175.400123 175.800121 1
175.000125 175.400123 1
174.600127 175.000125 1
174.200129 174.600127 0
173.800131 174.200129 0
173.400133 173.800131 0
173.000135 173.400133 0
172.600137 173.000135 0
172.200139 172.600137 0
171.800141 172.200139 0
171.400143 171.800141 0
171.000145 171.400143 1
170.600147 171.000145 1
170.200149 170.600147 1
169.800151 170.200149 1
169.400153 169.800151 1
169.000155 169.400153 1
168.600157 169.000155 1
168.200159 168.600157 1
167.800161 168.200159 0
167.400163 167.800161 0
167.000165 167.400163 0
166.600167 167.000165 0
166.200169 166.600167 0
165.800171 166.200169 0
165.400173 165.800171 0
165.000175 165.400173 0
164.600177 165.000175 1
164.200179 164.600177 1
163.800181 164.200179 1
163.400183 163.800181 1
163.000185 163.400183 1
162.600187 163.000185 1
162.200189 162.600187 1
161.800191 162.200189 0
161.400193 161.800191 0
161.000195 161.400193 0
160.600197 161.000195 0
160.200199 160.600197 0
159.800201 160.200199 0
159.400203 159.800201 0
159.000205 159.400203 0
158.600207 159.000205 1
158.200209 158.600207 1
157.800211 158.200209 1
157.400213 157.800211 1
157.000215 157.400213 1
156.600217 157.000215 1
156.200219 156.600217 1
155.800221 156.200219 1
155.400223 155.800221 0
155.000225 155.400223 0
154.600227 155.000225 0
154.200229 154.600227 0
153.800231 154.200229 0
153.400233 153.800231 0
153.000235 153.400233 0
152.600237 153.000235 0
152.200239 152.600237 1
151.800241 152.200239 1
151.400243 151.800241 1
151.000245 151.400243 1
150.600247 151.000245 1
150.200249 150.600247 1
149.800251 150.200249 1
149.400253 149.800251 1
149.000255 149.400253 0
148.600257 149.000255 0
148.200259 148.600257 0
147.800261 148.200259 0
147.400263 147.800261 0
147.000265 147.400263 0
146.600267 147.000265 0
146.200269 146.600267 1
145.800271 146.200269 1
145.400273 145.800271 1
145.000275 145.400273 1
144.600277 145.000275 1
144.200279 144.600277 1
143.800281 144.200279 1
143.400283 143.800281 1
143.000285 143.400283 0
142.600287 143.000285 0
142.200289 142.600287 0
141.800291 142.200289 0
141.400293 141.800291 0
141.000295 141.400293 0
140.600297 141.000295 0
140.200299 140.600297 0
139.800301 140.200299 1
139.400303 139.800301 1
139.000305 139.400303 1
138.600307 139.000305 1
138.200309 138.600307 1
137.800311 138.200309 1
137.400313 137.800311 1
137.000315 137.400313 1
136.600317 137.000315 0
136.200319 136.600317 0
135.800321 136.200319 1
135.400323 135.800321 1
135.000325 135.400323 1
134.600327 135.000325 1
134.200329 134.600327 0
133.800331 134.200329 0
133.400333 133.800331 1
133.000335 133.400333 1
132.600337 133.000335 1
132.200339 132.600337 1
131.800341 132.200339 1
131.400343 131.800341 1
131.000345 131.400343 1
130.600347 131.000345 0
130.200349 130.600347 1
129.800351 130.200349 1
129.400353 129.800351 1
129.000355 129.400353 1
128.600357 129.000355 1
128.200359 128.600357 1
127.800361 128.200359 1
127.400363 127.800361 0
127.000365 127.400363 1
126.600367 127.000365 1
126.200369 126.600367 1
125.800371 126.200369 1
125.400373 125.800371 1
125.000375 125.400373 1
124.600377 125.000375 0
124.200379 124.600377 1
123.800381 124.200379 1
123.400383 123.800381 1
123.000385 123.400383 1
122.600387 123.000385 1
122.200389 122.600387 1
121.800391 122.200389 1
121.400393 121.800391 1
121.000395 121.400393 0
120.600397 121.000395 0
120.200399 120.600397 0
119.800401 120.200399 0
119.400403 119.800401 0
119.000405 119.400403 0
118.600407 119.000405 0
118.200409 118.600407 0
117.800411 118.200409 1
117.400413 117.800411 1
117.000415 117.400413 1
116.600417 117.000415 1
116.200419 116.600417 1
115.800421 116.200419 1
115.400423 115.800421 1
115.000425 115.400423 0
114.600427 115.000425 0
114.200429 114.600427 0
113.800431 114.200429 0
113.400433 113.800431 0
113.000435 113.400433 0
112.600437 113.000435 0
112.200439 112.600437 0
111.800441 112.200439 1
111.400443 111.800441 1
111.000445 111.400443 1
110.600447 111.000445 1
110.200449 110.600447 1
109.800451 110.200449 1
109.400453 109.800451 1
109.000455 109.400453 1
108.600457 109.000455 0
108.200459 108.600457 0
107.800461 108.200459 0
107.400463 107.800461 0
107.000465 107.400463 0
106.600467 107.000465 0
106.200469 106.600467 0
105.800471 106.200469 0
105.400473 105.800471 1
105.000475 105.400473 1
104.600477 105.000475 1
104.200479 104.600477 1
103.800481 104.200479 1
103.400483 103.800481 1
103.000485 103.400483 1
102.600487 103.000485 1
102.200489 102.600487 0
101.800491 102.200489 0
101.400493 101.800491 0
101.000495 101.400493 0
100.600497 101.000495 0
100.200499 100.600497 0
99.800501 100.200499 0
99.400503 99.800501 1
99.000505 99.400503 1
98.600507 99.000505 1
98.200509 98.600507 1
97.800511 98.200509 1
97.400513 97.800511 1
97.000515 97.400513 1
96.600517 97.000515 1
96.200519 96.600517 0
95.800521 96.200519 0
95.400523 95.800521 0
95.000525 95.400523 0
94.600527 95.000525 0
94.200529 94.600527 0
93.800531 94.200529 0
93.400533 93.800531 0
93.000535 93.400533 1
92.600537 93.000535 1
92.200539 92.600537 1
91.800541 92.200539 1
91.400543 91.800541 1
91.000545 91.400543 1
90.600547 91.000545 1
90.200549 90.600547 1
89.800551 90.200549 0
89.400553 89.800551 0
89.000555 89.400553 0
88.600557 89.000555 0
88.200559 88.600557 0
87.800561 88.200559 0
87.400563 87.800561 0
87.000565 87.400563 0
86.600567 87.000565 1
86.200569 86.600567 1
85.800571 86.200569 1
85.400573 85.800571 1
85.000575 85.400573 1
84.600577 85.000575 1
84.200579 84.600577 1
83.800581 84.200579 0
83.400583 83.800581 0
83.000585 83.400583 0
82.600587 83.000585 0
82.200589 82.600587 0
81.800591 82.200589 0
81.400593 81.800591 0
81.000595 81.400593 0
80.600597 81.000595 1
80.200599 80.600597 1
79.800601 80.200599 1
79.400603 79.800601 1
79.000605 79.400603 1
78.600607 79.000605 1
78.200609 78.600607 1
77.800611 78.200609 1
77.400613 77.800611 0
77.000615 77.400613 0
76.600617 77.000615 0
76.200619 76.600617 0
75.800621 76.200619 0
75.400623 75.800621 0
75.000625 75.400623 0
74.600627 75.000625 0
74.200629 74.600627 1
73.800631 74.200629 1
73.400633 73.800631 1
73.000635 73.400633 1
72.600637 73.000635 1
72.200639 72.600637 1
71.800641 72.200639 1
71.400643 71.800641 1
71.000645 71.400643 0
70.600647 71.000645 0
70.200649 70.600647 0
69.800651 70.200649 0
69.400653 69.800651 0
69.000655 69.400653 0
68.600657 69.000655 0
68.200659 68.600657 1
67.800661 68.200659 1
67.400663 67.800661 1
67.000665 67.400663 1
66.600667 67.000665 1
66.200669 66.600667 1
65.800671 66.200669 1
65.400673 65.800671 1
65.000675 65.400673 0
64.600677 65.000675 0
64.200679 64.600677 0
63.800681 64.200679 0
63.400683 63.800681 0
63.000685 63.400683 0
62.600687 63.000685 0
62.200689 62.600687 0
61.800691 62.200689 1
61.400693 61.800691 1
61.000695 61.400693 1
60.600697 61.000695 1
60.200699 60.600697 1
59.800701 60.200699 1
59.400703 59.800701 1
59.000705 59.400703 1
58.600707 59.000705 0
58.200709 58.600707 0
57.800711 58.200709 0
57.400713 57.800711 0
57.000715 57.400713 0
56.600717 57.000715 0
56.200719 56.600717 0
55.800721 56.200719 0
55.400723 55.800721 1
55.000725 55.400723 1
54.600727 55.000725 1
54.200729 54.600727 1
53.800731 54.200729 1
53.400733 53.800731 1
53.000735 53.400733 1
52.600737 53.000735 0
52.200739 52.600737 0
51.800741 52.200739 0
51.400743 51.800741 0
51.000745 51.400743 0
50.600747 51.000745 0
50.200749 50.600747 0
49.800751 50.200749 0
49.400753 49.800751 1
49.000755 49.400753 1
48.600757 49.000755 1
48.200759 48.600757 1
47.800761 48.200759 1
47.400763 47.800761 1
47.000765 47.400763 1
46.600767 47.000765 1
46.200769 46.600767 0
45.800771 46.200769 0
45.400773 45.800771 0
45.000775 45.400773 0
44.600777 45.000775 0
44.200779 44.600777 0
43.800781 44.200779 0
43.400783 43.800781 0
43.000785 43.400783 1
42.600787 43.000785 1
42.200789 42.600787 1
41.800791 42.200789 1
41.400793 41.800791 1
41.000795 41.400793 1
40.600797 41.000795 1
40.200799 40.600797 1
39.800801 40.200799 0
39.400803 39.800801 0
39.000805 39.400803 0
38.600807 39.000805 0
38.200809 38.600807 0
37.800811 38.200809 0
37.400813 37.800811 0
37.000815 37.400813 1
36.600817 37.000815 1
36.200819 36.600817 1
35.800821 36.200819 1
35.400823 35.800821 1
35.000825 35.400823 1
34.600827 35.000825 1
34.200829 34.600827 1
33.800831 34.200829 0
33.400833 33.800831 0
33.000835 33.400833 0
32.600837 33.000835 0
32.200839 32.600837 0
31.800841 32.200839 0
31.400843 31.800841 0
31.000845 31.400843 0
30.600847 31.000845 1
30.200849 30.600847 1
29.800851 30.200849 1
29.400853 29.800851 1
29.000855 29.400853 1
28.600857 29.000855 1
28.200859 28.600857 1
27.800861 28.200859 1
27.400863 27.800861 0
27.000865 27.400863 0
26.600867 27.000865 0
26.200869 26.600867 0
25.800871 26.200869 0
25.400873 25.800871 0
25.000875 25.400873 0
24.600877 25.000875 0
24.200879 24.600877 1
23.800881 24.200879 1
23.400883 23.800881 1
23.000885 23.400883 1
22.600887 23.000885 1
22.200889 22.600887 1
21.800891 22.200889 1
21.400893 21.800891 0
21.000895 21.400893 0
20.600897 21.000895 0
20.200899 20.600897 0
19.800901 20.200899 0
19.400903 19.800901 0
19.000905 19.400903 0
18.600907 19.000905 0
18.200909 18.600907 1
17.800911 18.200909 1
17.400913 17.800911 1
17.000915 17.400913 1
16.600917 17.000915 1
16.200919 16.600917 1
15.800921 16.200919 1
15.400923 15.800921 1
15.000925 15.400923 0
14.600927 15.000925 0
14.200929 14.600927 0
13.800931 14.200929 0
13.400933 13.800931 0
13.000935 13.400933 0
12.600937 13.000935 0
12.200939 12.600937 0
11.800941 12.200939 1
11.400943 11.800941 1
11.000945 11.400943 1
10.600947 11.000945 1
10.200949 10.600947 1
9.800951 10.200949 1
9.400953 9.800951 1
9.000955 9.400953 1
8.600957 9.000955 0
8.200959 8.600957 0
7.800961 8.200959 0
7.400963 7.800961 0
7.000965 7.400963 0
6.600967 7.000965 0
6.200969 6.600967 0
5.800971 6.200969 1
5.400973 5.800971 1
5.000975 5.400973 1
4.600977 5.000975 1
4.200979 4.600977 1
3.800981 4.200979 1
3.400983 3.800981 1
3.000985 3.400983 1
2.600987 3.000985 0
2.200989 2.600987 0
1.800991 2.200989 0
1.400993 1.800991 0
1.000995 1.400993 0
0.600997 1.000995 0
0.200999 0.600997 0
