# r1, r2, mask (1==failed, 2==success)
199.400003 199.800001 1
199.000005 199.400003 1
198.600007 199.000005 0
198.200009 198.600007 0
197.800011 198.200009 0
197.400013 197.800011 0
197.000015 197.400013 0
196.600017 197.000015 0
196.200019 196.600017 0
195.800021 196.200019 0
195.400023 195.800021 0
195.000025 195.400023 0
194.600027 195.000025 0
194.200029 194.600027 0
193.800031 194.200029 0
193.400033 193.800031 0
193.000035 193.400033 0
192.600037 193.000035 0
192.200039 192.600037 0
191.800041 192.200039 0
191.400043 191.800041 0
191.000045 191.400043 0
190.600047 191.000045 1
190.200049 190.600047 1
189.800051 190.200049 1
189.400053 189.800051 1
189.000055 189.400053 1
188.600057 189.000055 1
188.200059 188.600057 1
187.800061 188.200059 1
187.400063 187.800061 1
187.000065 187.400063 1
186.600067 187.000065 1
186.200069 186.600067 1
185.800071 186.200069 1
185.400073 185.800071 1
185.000075 185.400073 1
184.600077 185.000075 1
184.200079 184.600077 1
183.800081 184.200079 1
183.400083 183.800081 1
183.000085 183.400083 0
182.600087 183.000085 0
182.200089 182.600087 0
181.800091 182.200089 0
181.400093 181.800091 0
181.000095 181.400093 0
180.600097 181.000095 0
180.200099 180.600097 0
179.800101 180.200099 0
179.400103 179.800101 0
179.000105 179.400103 0
178.600107 179.000105 0
178.200109 178.600107 0
177.800111 178.200109 0
177.400113 177.800111 0
177.000115 177.400113 0
176.600117 177.000115 0
176.200119 176.600117 0
175.800121 176.200119 0
175.400123 175.800121 0
175.000125 175.400123 0
174.600127 175.000125 0
174.200129 174.600127 0
173.800131 174.200129 1
173.400133 173.800131 1
173.000135 173.400133 1
172.600137 173.000135 1
172.200139 172.600137 1
171.800141 172.200139 1
171.400143 171.800141 1
171.000145 171.400143 1
170.600147 171.000145 1
170.200149 170.600147 1
169.800151 170.200149 1
169.400153 169.800151 1
169.000155 169.400153 1
168.600157 169.000155 1
168.200159 168.600157 1
167.800161 168.200159 1
167.400163 167.800161 1
167.000165 167.400163 1
166.600167 167.000165 1
166.200169 166.600167 1
165.800171 166.200169 1
165.400173 165.800171 1
165.000175 165.400173 1
164.600177 165.000175 1
164.200179 164.600177 1
163.800181 164.200179 1
163.400183 163.800181 1
163.000185 163.400183 1
162.600187 163.000185 1
162.200189 162.600187 1
161.800191 162.200189 1
161.400193 161.800191 1
161.000195 161.400193 1
160.600197 161.000195 1
160.200199 160.600197 1
159.800201 160.200199 1
159.400203 159.800201 1
159.000205 159.400203 1
158.600207 159.000205 1
158.200209 158.600207 1
157.800211 158.200209 1
157.400213 157.800211 1
157.000215 157.400213 1
156.600217 157.000215 1
156.200219 156.600217 1
155.800221 156.200219 1
155.400223 155.800221 1
155.000225 155.400223 1
154.600227 155.000225 1
154.200229 154.600227 1
153.800231 154.200229 1
153.400233 153.800231 1
153.000235 153.400233 1
152.600237 153.000235 1
152.200239 152.600237 1
151.800241 152.200239 1
151.400243 151.800241 1
151.000245 151.400243 1
150.600247 151.000245 1
150.200249 150.600247 1
149.800251 150.200249 1
149.400253 149.800251 1
149.000255 149.400253 0
148.600257 149.000255 0
148.200259 148.600257 0
147.800261 148.200259 0
147.400263 147.800261 0
147.000265 147.400263 0
146.600267 147.000265 0
146.200269 146.600267 0
145.800271 146.200269 0
145.400273 145.800271 0
145.000275 145.400273 0
144.600277 145.000275 0
144.200279 144.600277 0
143.800281 144.200279 0
143.400283 143.800281 0
143.000285 143.400283 0
142.600287 143.000285 0
142.200289 142.600287 0
141.800291 142.200289 0
141.400293 141.800291 0
141.000295 141.400293 0
140.600297 141.000295 0
140.200299 140.600297 1
139.800301 140.200299 1
139.400303 139.800301 1
139.000305 139.400303 1
138.600307 139.000305 1
138.200309 138.600307 1
137.800311 138.200309 1
137.400313 137.800311 1
137.000315 137.400313 1
136.600317 137.000315 1
136.200319 136.600317 1
135.800321 136.200319 1
135.400323 135.800321 1
135.000325 135.400323 1
134.600327 135.000325 1
134.200329 134.600327 1
133.800331 134.200329 1
133.400333 133.800331 1
133.000335 133.400333 1
132.600337 133.000335 1
132.200339 132.600337 1
131.800341 132.200339 1
131.400343 131.800341 1
131.000345 131.400343 1
130.600347 131.000345 1
130.200349 130.600347 1
129.800351 130.200349 1
129.400353 129.800351 1
129.000355 129.400353 1
128.600357 129.000355 1
128.200359 128.600357 1
127.800361 128.200359 1
127.400363 127.800361 1
127.000365 127.400363 1
126.600367 127.000365 1
126.200369 126.600367 1
125.800371 126.200369 1
125.400373 125.800371 1
125.000375 125.400373 1
124.600377 125.000375 1
124.200379 124.600377 1
123.800381 124.200379 0
123.400383 123.800381 0
123.000385 123.400383 0
122.600387 123.000385 0
122.200389 122.600387 0
121.800391 122.200389 0
121.400393 121.800391 0
121.000395 121.400393 0
120.600397 121.000395 0
120.200399 120.600397 0
119.800401 120.200399 0
119.400403 119.800401 0
119.000405 119.400403 0
118.600407 119.000405 0
118.200409 118.600407 0
117.800411 118.200409 0
117.400413 117.800411 0
117.000415 117.400413 0
116.600417 117.000415 0
116.200419 116.600417 0
115.800421 116.200419 0
115.400423 115.800421 0
115.000425 115.400423 0
114.600427 115.000425 0
114.200429 114.600427 0
113.800431 114.200429 0
113.400433 113.800431 0
113.000435 113.400433 0
112.600437 113.000435 0
112.200439 112.600437 0
111.800441 112.200439 0
111.400443 111.800441 0
111.000445 111.400443 0
110.600447 111.000445 0
110.200449 110.600447 0
109.800451 110.200449 0
109.400453 109.800451 0
109.000455 109.400453 0
108.600457 109.000455 0
108.200459 108.600457 0
107.800461 108.200459 0
107.400463 107.800461 0
107.000465 107.400463 0
106.600467 107.000465 0
106.200469 106.600467 0
105.800471 106.200469 0
105.400473 105.800471 0
105.000475 105.400473 0
104.600477 105.000475 0
104.200479 104.600477 0
103.800481 104.200479 0
103.400483 103.800481 0
103.000485 103.400483 0
102.600487 103.000485 0
102.200489 102.600487 0
101.800491 102.200489 0
101.400493 101.800491 0
101.000495 101.400493 0
100.600497 101.000495 0
100.200499 100.600497 0
99.800501 100.200499 0
99.400503 99.800501 0
99.000505 99.400503 1
98.600507 99.000505 1
98.200509 98.600507 1
97.800511 98.200509 1
97.400513 97.800511 1
97.000515 97.400513 1
96.600517 97.000515 1
96.200519 96.600517 1
95.800521 96.200519 1
95.400523 95.800521 1
95.000525 95.400523 1
94.600527 95.000525 1
94.200529 94.600527 1
93.800531 94.200529 1
93.400533 93.800531 1
93.000535 93.400533 1
92.600537 93.000535 1
92.200539 92.600537 1
91.800541 92.200539 1
91.400543 91.800541 1
91.000545 91.400543 1
90.600547 91.000545 1
90.200549 90.600547 1
89.800551 90.200549 1
89.400553 89.800551 1
89.000555 89.400553 1
88.600557 89.000555 1
88.200559 88.600557 1
87.800561 88.200559 1
87.400563 87.800561 1
87.000565 87.400563 1
86.600567 87.000565 1
86.200569 86.600567 1
85.800571 86.200569 1
85.400573 85.800571 1
85.000575 85.400573 1
84.600577 85.000575 1
84.200579 84.600577 1
83.800581 84.200579 1
83.400583 83.800581 1
83.000585 83.400583 1
82.600587 83.000585 1
82.200589 82.600587 1
81.800591 82.200589 1
81.400593 81.800591 1
81.000595 81.400593 1
80.600597 81.000595 1
80.200599 80.600597 1
79.800601 80.200599 1
79.400603 79.800601 1
79.000605 79.400603 1
78.600607 79.000605 1
78.200609 78.600607 1
77.800611 78.200609 1
77.400613 77.800611 1
77.000615 77.400613 1
76.600617 77.000615 1
76.200619 76.600617 1
75.800621 76.200619 1
75.400623 75.800621 1
75.000625 75.400623 1
74.600627 75.000625 1
74.200629 74.600627 0
73.800631 74.200629 0
73.400633 73.800631 0
73.000635 73.400633 0
72.600637 73.000635 0
72.200639 72.600637 0
71.800641 72.200639 0
71.400643 71.800641 0
71.000645 71.400643 0
70.600647 71.000645 0
70.200649 70.600647 0
69.800651 70.200649 0
69.400653 69.800651 0
69.000655 69.400653 0
68.600657 69.000655 0
68.200659 68.600657 0
67.800661 68.200659 0
67.400663 67.800661 0
67.000665 67.400663 0
66.600667 67.000665 0
66.200669 66.600667 0
65.800671 66.200669 0
65.400673 65.800671 0
65.000675 65.400673 0
64.600677 65.000675 0
64.200679 64.600677 0
63.800681 64.200679 0
63.400683 63.800681 0
63.000685 63.400683 0
62.600687 63.000685 0
62.200689 62.600687 0
61.800691 62.200689 0
61.400693 61.800691 0
61.000695 61.400693 0
60.600697 61.000695 0
60.200699 60.600697 0
59.800701 60.200699 0
59.400703 59.800701 0
59.000705 59.400703 0
58.600707 59.000705 0
58.200709 58.600707 0
57.800711 58.200709 0
57.400713 57.800711 0
57.000715 57.400713 0
56.600717 57.000715 0
56.200719 56.600717 0
55.800721 56.200719 0
55.400723 55.800721 0
55.000725 55.400723 0
54.600727 55.000725 0
54.200729 54.600727 0
53.800731 54.200729 0
53.400733 53.800731 0
53.000735 53.400733 0
52.600737 53.000735 0
52.200739 52.600737 0
51.800741 52.200739 0
51.400743 51.800741 0
51.000745 51.400743 0
50.600747 51.000745 0
50.200749 50.600747 0
49.800751 50.200749 0
49.400753 49.800751 1
49.000755 49.400753 1
48.600757 49.000755 1
48.200759 48.600757 1
47.800761 48.200759 1
47.400763 47.800761 1
47.000765 47.400763 1
46.600767 47.000765 1
46.200769 46.600767 1
45.800771 46.200769 1
45.400773 45.800771 1
45.000775 45.400773 1
44.600777 45.000775 1
44.200779 44.600777 1
43.800781 44.200779 1
43.400783 43.800781 1
43.000785 43.400783 1
42.600787 43.000785 1
42.200789 42.600787 1
41.800791 42.200789 1
41.400793 41.800791 1
41.000795 41.400793 1
40.600797 41.000795 1
40.200799 40.600797 1
39.800801 40.200799 1
39.400803 39.800801 1
39.000805 39.400803 1
38.600807 39.000805 1
38.200809 38.600807 1
37.800811 38.200809 1
37.400813 37.800811 1
37.000815 37.400813 1
36.600817 37.000815 1
36.200819 36.600817 1
35.800821 36.200819 1
35.400823 35.800821 1
35.000825 35.400823 1
34.600827 35.000825 1
34.200829 34.600827 1
33.800831 34.200829 1
33.400833 33.800831 1
33.000835 33.400833 1
32.600837 33.000835 1
32.200839 32.600837 1
31.800841 32.200839 1
31.400843 31.800841 1
31.000845 31.400843 1
30.600847 31.000845 1
30.200849 30.600847 1
29.800851 30.200849 1
29.400853 29.800851 1
29.000855 29.400853 1
28.600857 29.000855 1
28.200859 28.600857 1
27.800861 28.200859 1
27.400863 27.800861 1
27.000865 27.400863 1
26.600867 27.000865 1
26.200869 26.600867 1
25.800871 26.200869 1
25.400873 25.800871 1
25.000875 25.400873 1
24.600877 25.000875 1
24.200879 24.600877 0
23.800881 24.200879 0
23.400883 23.800881 0
23.000885 23.400883 0
22.600887 23.000885 0
22.200889 22.600887 0
21.800891 22.200889 0
21.400893 21.800891 0
21.000895 21.400893 0
20.600897 21.000895 0
20.200899 20.600897 0
19.800901 20.200899 0
19.400903 19.800901 0
19.000905 19.400903 0
18.600907 19.000905 0
18.200909 18.600907 0
17.800911 18.200909 0
17.400913 17.800911 0
17.000915 17.400913 0
16.600917 17.000915 0
16.200919 16.600917 0
15.800921 16.200919 0
15.400923 15.800921 0
15.000925 15.400923 0
14.600927 15.000925 0
14.200929 14.600927 0
13.800931 14.200929 0
13.400933 13.800931 0
13.000935 13.400933 0
12.600937 13.000935 0
12.200939 12.600937 0
11.800941 12.200939 0
11.400943 11.800941 0
11.000945 11.400943 0
10.600947 11.000945 0
10.200949 10.600947 0
9.800951 10.200949 0
9.400953 9.800951 0
9.000955 9.400953 0
8.600957 9.000955 0
8.200959 8.600957 0
7.800961 8.200959 0
7.400963 7.800961 0
7.000965 7.400963 0
6.600967 7.000965 0
6.200969 6.600967 0
5.800971 6.200969 0
5.400973 5.800971 0
5.000975 5.400973 0
4.600977 5.000975 0
4.200979 4.600977 0
3.800981 4.200979 0
3.400983 3.800981 0
3.000985 3.400983 0
2.600987 3.000985 1
2.200989 2.600987 1
1.800991 2.200989 1
1.400993 1.800991 1
1.000995 1.400993 1
0.600997 1.000995 1
0.200999 0.600997 1
