# b    f    s  log_like
2.10448832506  0.713346019906  3.56175141061 -2.007877e+03
1.96481856933  0.791644367436  3.13720610196 -1.535862e+03
2.18015175766  0.830112613204  3.71969625913 -7.249052e+03
1.95423045012  0.742926574371  3.82207144866 -2.285287e+03
1.86973794558  0.769113115925  3.73883306171 -5.315530e+03
2.05182563002  0.565580409462  3.29220732694 -7.669430e+02
1.99811361643  0.82243051913  3.82183895454 -6.812973e+02
1.63497919509  0.732388805778  3.35218260202 -2.394080e+04
2.02716995459  0.862183138705  4.01011098351 -1.316463e+03
1.83049635752  0.630068543576  3.50097831737 -7.930157e+03
2.29412530388  0.767425963758  3.23798966201 -3.167596e+04
1.68159089576  0.750965171354  3.91420527243 -2.603931e+04
2.16187298822  0.613800423015  3.71141227364 -3.420436e+03
2.0930990379  0.805369121398  3.66970938584 -1.804279e+03
1.73103079843  0.69653040242  3.80110300903 -1.982251e+04
2.32677211108  0.871336801369  4.280260309 -1.808477e+04
1.8884975714  0.559284696653  4.03080160497 -1.172297e+04
1.84442614558  0.683289482366  3.2555398049 -4.333412e+03
2.08208169446  0.648695738981  3.26243358979 -2.441937e+03
1.96258658538  0.866131525271  3.11645754268 -2.649952e+03
2.10676265532  0.724584458114  3.54737760755 -2.294599e+03
1.75934753155  0.809637462975  3.27421116861 -8.606162e+03
1.958388384  0.714533473708  4.22674762368 -7.044822e+03
2.0305894034  0.666888510062  4.17054060904 -4.185869e+03
1.87340102481  0.765467670144  3.1553666049 -2.120105e+03
2.07965765723  0.695821582659  3.63297461263 -8.243892e+02
1.8458884578  0.825641687839  3.97748538503 -8.843295e+03
1.80905867303  0.702223217366  3.26273395216 -6.397177e+03
2.3622745912  0.841948403486  3.68794730124 -3.428170e+04
1.98852758213  0.761467866481  3.40147636645 -1.149593e+02
1.53479102997  0.691548870731  3.68051995246 -4.434368e+04
1.95369167029  0.815248107762  2.96938876631 -3.608400e+03
2.06958481636  0.736932354863  3.42464270127 -1.537960e+03
1.96481856933  0.791644367436  3.13720610196 -1.535862e+03
2.15114919908  0.788409057735  3.65159784086 -4.941664e+03
1.96645658931  0.74953611881  3.67213896982 -8.324404e+02
1.86973794558  0.769113115925  3.73883306171 -5.315530e+03
2.05182563002  0.565580409462  3.29220732694 -7.669430e+02
1.99893398663  0.824658713044  3.81347714047 -6.240716e+02
1.6998935221  0.761090475886  3.54464029125 -1.807632e+04
2.02716995459  0.862183138705  4.01011098351 -1.316463e+03
1.95085389632  0.671245129145  3.52119252523 -1.053285e+03
2.28578782066  0.762757531358  3.238950789 -2.979614e+04
1.76398972716  0.729923784778  3.78010674841 -1.521280e+04
2.16187298822  0.613800423015  3.71141227364 -3.420436e+03
2.0930990379  0.805369121398  3.66970938584 -1.804279e+03
1.73103079843  0.69653040242  3.80110300903 -1.982251e+04
2.32677211108  0.871336801369  4.280260309 -1.808477e+04
1.8884975714  0.559284696653  4.03080160497 -1.172297e+04
1.87516777435  0.710957383289  3.22532386063 -2.425898e+03
2.08208169446  0.648695738981  3.26243358979 -2.441937e+03
1.96258658538  0.866131525271  3.11645754268 -2.649952e+03
2.10676265532  0.724584458114  3.54737760755 -2.294599e+03
1.82084914098  0.758317717455  3.27799535863 -4.983113e+03
1.958388384  0.714533473708  4.22674762368 -7.044822e+03
1.96716586365  0.707195551362  4.00031883325 -3.952332e+03
1.87340102481  0.765467670144  3.1553666049 -2.120105e+03
2.07965765723  0.695821582659  3.63297461263 -8.243892e+02
1.8458884578  0.825641687839  3.97748538503 -8.843295e+03
1.80905867303  0.702223217366  3.26273395216 -6.397177e+03
2.06888954926  0.774362049639  3.74053901375 -7.446267e+02
1.98852758213  0.761467866481  3.40147636645 -1.149593e+02
1.53479102997  0.691548870731  3.68051995246 -4.434368e+04
1.99037648058  0.790458043504  3.11349482267 -2.328238e+03
2.0577655026  0.820384897203  3.57805704754 -1.029127e+03
1.96481856933  0.791644367436  3.13720610196 -1.535862e+03
2.15114919908  0.788409057735  3.65159784086 -4.941664e+03
1.96645658931  0.74953611881  3.67213896982 -8.324404e+02
1.87274536656  0.761984861652  3.70873899802 -4.936578e+03
2.05182563002  0.565580409462  3.29220732694 -7.669430e+02
1.99893398663  0.824658713044  3.81347714047 -6.240716e+02
1.85654765732  0.827073610828  3.41571364365 -2.975871e+03
2.01695464864  0.835558548808  3.8492153545 -6.181622e+02
1.9675953329  0.721742723941  3.34849518372 -1.897184e+02
2.28578782066  0.762757531358  3.238950789 -2.979614e+04
1.80519895296  0.740942847946  3.65876324685 -9.634835e+03
2.08423727554  0.640109152286  3.57978641355 -8.720255e+02
2.0930990379  0.805369121398  3.66970938584 -1.804279e+03
1.73103079843  0.69653040242  3.80110300903 -1.982251e+04
2.32677211108  0.871336801369  4.280260309 -1.808477e+04
1.8884975714  0.559284696653  4.03080160497 -1.172297e+04
1.87516777435  0.710957383289  3.22532386063 -2.425898e+03
2.08208169446  0.648695738981  3.26243358979 -2.441937e+03
1.96258658538  0.866131525271  3.11645754268 -2.649952e+03
2.10676265532  0.724584458114  3.54737760755 -2.294599e+03
1.82084914098  0.758317717455  3.27799535863 -4.983113e+03
2.06087586175  0.729629290871  3.91753265634 -1.156860e+03
1.96716586365  0.707195551362  4.00031883325 -3.952332e+03
1.89351750107  0.770165177173  3.2052791339 -1.476694e+03
2.07078936974  0.654322048375  3.52439386733 -6.773212e+02
1.8458884578  0.825641687839  3.97748538503 -8.843295e+03
1.80905867303  0.702223217366  3.26273395216 -6.397177e+03
2.04836776677  0.78911680462  3.76193574498 -4.771995e+02
1.98852758213  0.761467866481  3.40147636645 -1.149593e+02
1.53479102997  0.691548870731  3.68051995246 -4.434368e+04
1.99037648058  0.790458043504  3.11349482267 -2.328238e+03
2.0577655026  0.820384897203  3.57805704754 -1.029127e+03
1.93526199728  0.782740556454  3.16542454976 -1.045897e+03
1.97390573987  0.760555391693  3.6599148477 -5.544801e+02
1.97201335233  0.752540147434  3.60399486969 -4.030798e+02
1.87274536656  0.761984861652  3.70873899802 -4.936578e+03
2.05182563002  0.565580409462  3.29220732694 -7.669430e+02
2.02841860506  0.824469340398  3.78188052641 -3.992176e+02
1.87977106525  0.822478230309  3.4576302973 -2.154350e+03
2.01695464864  0.835558548808  3.8492153545 -6.181622e+02
1.9675953329  0.721742723941  3.34849518372 -1.897184e+02
2.214156722  0.762446759515  3.27811474087 -1.679992e+04
1.90115150487  0.759951922367  3.69947432459 -3.312328e+03
2.08423727554  0.640109152286  3.57978641355 -8.720255e+02
2.0930990379  0.805369121398  3.66970938584 -1.804279e+03
1.80638005106  0.715532540289  3.68416341694 -1.030865e+04
2.23146540358  0.843190267952  4.10282124018 -8.857492e+03
1.97337135541  0.612233103013  3.83463520765 -3.266005e+03
1.87516777435  0.710957383289  3.22532386063 -2.425898e+03
2.08208169446  0.648695738981  3.26243358979 -2.441937e+03
1.96258658538  0.866131525271  3.11645754268 -2.649952e+03
2.10676265532  0.724584458114  3.54737760755 -2.294599e+03
1.8401190372  0.758599441671  3.32607919802 -4.083892e+03
2.05505994634  0.731128771413  3.89701208747 -1.048134e+03
1.96716586365  0.707195551362  4.00031883325 -3.952332e+03
1.92750607338  0.766102109074  3.39750151695 -7.327111e+02
2.07078936974  0.654322048375  3.52439386733 -6.773212e+02
1.86806644188  0.887451290478  4.14214122604 -8.463870e+03
1.80905867303  0.702223217366  3.26273395216 -6.397177e+03
1.97741825677  0.768163581006  3.62984415018 -3.426661e+02
1.98852758213  0.761467866481  3.40147636645 -1.149593e+02
1.72468275709  0.704796342846  3.53484497568 -1.656575e+04
1.99037648058  0.790458043504  3.11349482267 -2.328238e+03
2.04640839375  0.8107207258  3.54909248589 -7.477359e+02
1.93526199728  0.782740556454  3.16542454976 -1.045897e+03
2.02389224726  0.700624128886  3.43216567622 -1.617387e+02
1.97201335233  0.752540147434  3.60399486969 -4.030798e+02
1.88922688915  0.765974294158  3.62533818688 -3.261967e+03
2.05182563002  0.565580409462  3.29220732694 -7.669430e+02
2.02841860506  0.824469340398  3.78188052641 -3.992176e+02
1.91591986887  0.883953662152  3.55726304183 -1.000200e+03
2.01695464864  0.835558548808  3.8492153545 -6.181622e+02
1.9675953329  0.721742723941  3.34849518372 -1.897184e+02
2.214156722  0.762446759515  3.27811474087 -1.679992e+04
1.90115150487  0.759951922367  3.69947432459 -3.312328e+03
2.08423727554  0.640109152286  3.57978641355 -8.720255e+02
2.09235835903  0.800354372876  3.66488492438 -1.752405e+03
1.88355568647  0.696823284349  3.56611092013 -3.933174e+03
2.18944740105  0.832533939512  4.00532094007 -5.965494e+03
1.9532758741  0.653336494276  3.7970261157 -3.153784e+03
1.87516777435  0.710957383289  3.22532386063 -2.425898e+03
2.08208169446  0.648695738981  3.26243358979 -2.441937e+03
1.96258658538  0.866131525271  3.11645754268 -2.649952e+03
2.10676265532  0.724584458114  3.54737760755 -2.294599e+03
1.88689942377  0.778958331789  3.46447050638 -2.231729e+03
2.05505994634  0.731128771413  3.89701208747 -1.048134e+03
1.96716586365  0.707195551362  4.00031883325 -3.952332e+03
1.97358433259  0.691780006406  3.35847488983 -1.669974e+02
2.07078936974  0.654322048375  3.52439386733 -6.773212e+02
1.86806644188  0.887451290478  4.14214122604 -8.463870e+03
1.80905867303  0.702223217366  3.26273395216 -6.397177e+03
1.97821759512  0.770474150923  3.6336670339 -3.354590e+02
1.98852758213  0.761467866481  3.40147636645 -1.149593e+02
1.72468275709  0.704796342846  3.53484497568 -1.656575e+04
1.99037648058  0.790458043504  3.11349482267 -2.328238e+03
2.04640839375  0.8107207258  3.54909248589 -7.477359e+02
1.93526199728  0.782740556454  3.16542454976 -1.045897e+03
2.02389224726  0.700624128886  3.43216567622 -1.617387e+02
1.97455583102  0.753914630879  3.57281576018 -2.591915e+02
1.92190472372  0.810589002191  3.39865898347 -7.277260e+02
2.05182563002  0.565580409462  3.29220732694 -7.669430e+02
1.9938228322  0.813343721229  3.70428648682 -2.744620e+02
1.91591986887  0.883953662152  3.55726304183 -1.000200e+03
2.04506206887  0.754912613559  3.59597307346 -3.398301e+02
2.01152030058  0.726868313613  3.40703071652 -1.590400e+02
2.14702677763  0.765833760918  3.31634170246 -8.312904e+03
1.90115150487  0.759951922367  3.69947432459 -3.312328e+03
2.08423727554  0.640109152286  3.57978641355 -8.720255e+02
2.01319144984  0.831096424814  3.83333908347 -5.794506e+02
1.88355568647  0.696823284349  3.56611092013 -3.933174e+03
2.18944740105  0.832533939512  4.00532094007 -5.965494e+03
1.95919876578  0.681330602122  3.73462121256 -2.046609e+03
1.87516777435  0.710957383289  3.22532386063 -2.425898e+03
2.08208169446  0.648695738981  3.26243358979 -2.441937e+03
1.96258658538  0.866131525271  3.11645754268 -2.649952e+03
2.10676265532  0.724584458114  3.54737760755 -2.294599e+03
1.9141892495  0.777581439869  3.44893039041 -1.165179e+03
2.05505994634  0.731128771413  3.89701208747 -1.048134e+03
1.96716586365  0.707195551362  4.00031883325 -3.952332e+03
1.97384783587  0.708633021139  3.41661139386 -1.394174e+02
2.06315298761  0.703307784885  3.53212973851 -6.406682e+02
1.86806644188  0.887451290478  4.14214122604 -8.463870e+03
1.80905867303  0.702223217366  3.26273395216 -6.397177e+03
1.97821759512  0.770474150923  3.6336670339 -3.354590e+02
1.98852758213  0.761467866481  3.40147636645 -1.149593e+02
1.75914469674  0.70306686595  3.54162703159 -1.317254e+04
1.99037648058  0.790458043504  3.11349482267 -2.328238e+03
2.04640839375  0.8107207258  3.54909248589 -7.477359e+02
1.93526199728  0.782740556454  3.16542454976 -1.045897e+03
2.01939231636  0.707505851203  3.45201787311 -9.438251e+01
1.97899886641  0.756316569821  3.51832960566 -9.206687e+01
1.92646314334  0.807341781424  3.41768243731 -6.573158e+02
2.05570345963  0.612730266802  3.37434283154 -6.426494e+02
2.01384422364  0.82275190952  3.71816365786 -2.282350e+02
1.93792973554  0.977387510782  3.73654062753 -9.522070e+02
2.02905895267  0.800828825808  3.74015797615 -3.076391e+02
2.01152030058  0.726868313613  3.40703071652 -1.590400e+02
2.14702677763  0.765833760918  3.31634170246 -8.312904e+03
1.90115150487  0.759951922367  3.69947432459 -3.312328e+03
2.08423727554  0.640109152286  3.57978641355 -8.720255e+02
2.01319144984  0.831096424814  3.83333908347 -5.794506e+02
1.88628894433  0.697162358865  3.58030539062 -3.890139e+03
2.18944740105  0.832533939512  4.00532094007 -5.965494e+03
1.95919876578  0.681330602122  3.73462121256 -2.046609e+03
1.87516777435  0.710957383289  3.22532386063 -2.425898e+03
2.08208169446  0.648695738981  3.26243358979 -2.441937e+03
1.96731955465  0.834463117413  3.23234930209 -1.194557e+03
2.07419211966  0.725365480351  3.49938243322 -1.210679e+03
1.9594096658  0.786733169533  3.56357709274 -3.605828e+02
2.05505994634  0.731128771413  3.89701208747 -1.048134e+03
1.95738008562  0.715016003548  3.95572251151 -3.773076e+03
1.97384783587  0.708633021139  3.41661139386 -1.394174e+02
2.0578526895  0.718468518706  3.56447004895 -5.084994e+02
1.86806644188  0.887451290478  4.14214122604 -8.463870e+03
1.86549669926  0.720187902379  3.34761860429 -3.230689e+03
2.01285932293  0.727877636945  3.61606164425 -1.179089e+02
2.00377760087  0.776277515381  3.5289060789 -2.528664e+01
1.75914469674  0.70306686595  3.54162703159 -1.317254e+04
1.99037648058  0.790458043504  3.11349482267 -2.328238e+03
2.04640839375  0.8107207258  3.54909248589 -7.477359e+02
1.93526199728  0.782740556454  3.16542454976 -1.045897e+03
2.01939231636  0.707505851203  3.45201787311 -9.438251e+01
1.97899886641  0.756316569821  3.51832960566 -9.206687e+01
1.92646314334  0.807341781424  3.41768243731 -6.573158e+02
2.05570345963  0.612730266802  3.37434283154 -6.426494e+02
2.01384422364  0.82275190952  3.71816365786 -2.282350e+02
1.93792973554  0.977387510782  3.73654062753 -9.522070e+02
2.02905895267  0.800828825808  3.74015797615 -3.076391e+02
2.01152030058  0.726868313613  3.40703071652 -1.590400e+02
2.14702677763  0.765833760918  3.31634170246 -8.312904e+03
1.90115150487  0.759951922367  3.69947432459 -3.312328e+03
2.0481181576  0.6979657828  3.40035003682 -6.943924e+02
2.01319144984  0.831096424814  3.83333908347 -5.794506e+02
1.88628894433  0.697162358865  3.58030539062 -3.890139e+03
2.18944740105  0.832533939512  4.00532094007 -5.965494e+03
1.98990780105  0.659501092772  3.61997599617 -6.938196e+02
1.93784583425  0.723609327284  3.24630834771 -6.231635e+02
2.07196074483  0.63489630416  3.30537155762 -1.552462e+03
1.96731955465  0.834463117413  3.23234930209 -1.194557e+03
2.05321264357  0.759221114051  3.5754400222 -5.501591e+02
1.9594096658  0.786733169533  3.56357709274 -3.605828e+02
2.05505994634  0.731128771413  3.89701208747 -1.048134e+03
1.95738008562  0.715016003548  3.95572251151 -3.773076e+03
1.97384783587  0.708633021139  3.41661139386 -1.394174e+02
1.99823862451  0.734250111728  3.61582992655 -1.798878e+02
1.86806644188  0.887451290478  4.14214122604 -8.463870e+03
1.86549669926  0.720187902379  3.34761860429 -3.230689e+03
2.01285932293  0.727877636945  3.61606164425 -1.179089e+02
2.00377760087  0.776277515381  3.5289060789 -2.528664e+01
1.78130198799  0.703444797896  3.53399777363 -1.100707e+04
2.00289252144  0.754676443539  3.25951744165 -8.822716e+02
2.04573499783  0.809853456241  3.54461139325 -7.407455e+02
1.93526199728  0.782740556454  3.16542454976 -1.045897e+03
2.01939231636  0.707505851203  3.45201787311 -9.438251e+01
1.98526494887  0.761364322803  3.52100419961 -4.179841e+01
1.94991066001  0.797920776363  3.45141375061 -2.971350e+02
2.05570345963  0.612730266802  3.37434283154 -6.426494e+02
2.01384422364  0.82275190952  3.71816365786 -2.282350e+02
1.9379103115  0.918635171089  3.62304665797 -6.653773e+02
2.00652494692  0.861235033594  3.60421888511 -2.121860e+02
2.0115613068  0.72684552284  3.40638606392 -1.611000e+02
2.1264873327  0.76812173054  3.34340787801 -6.157351e+03
1.90115150487  0.759951922367  3.69947432459 -3.312328e+03
2.01310196535  0.704545532564  3.61467054112 -1.753097e+02
2.01319144984  0.831096424814  3.83333908347 -5.794506e+02
1.88628894433  0.697162358865  3.58030539062 -3.890139e+03
2.18944740105  0.832533939512  4.00532094007 -5.965494e+03
2.03969033698  0.699092755867  3.51916834137 -2.148043e+02
1.95802040217  0.752390109446  3.40349189919 -2.297179e+02
2.07196074483  0.63489630416  3.30537155762 -1.552462e+03
1.96731955465  0.834463117413  3.23234930209 -1.194557e+03
2.04292213631  0.753683421788  3.54296892021 -3.853167e+02
1.9594096658  0.786733169533  3.56357709274 -3.605828e+02
2.05505994634  0.731128771413  3.89701208747 -1.048134e+03
1.96492150353  0.714102680535  3.89446609263 -2.868743e+03
1.97384783587  0.708633021139  3.41661139386 -1.394174e+02
2.00464655368  0.730688660659  3.51509184646 -4.303477e+00
1.93213425957  0.876503427111  4.11486587917 -4.648473e+03
1.86549669926  0.720187902379  3.34761860429 -3.230689e+03
2.01268737411  0.674439180604  3.50357271477 -6.164384e+01
2.00377760087  0.776277515381  3.5289060789 -2.528664e+01
1.78130198799  0.703444797896  3.53399777363 -1.100707e+04
2.00289252144  0.754676443539  3.25951744165 -8.822716e+02
2.04573499783  0.809853456241  3.54461139325 -7.407455e+02
1.94309438139  0.784035575027  3.29456677513 -4.907792e+02
2.01939231636  0.707505851203  3.45201787311 -9.438251e+01
1.98526494887  0.761364322803  3.52100419961 -4.179841e+01
1.94991066001  0.797920776363  3.45141375061 -2.971350e+02
2.05570345963  0.612730266802  3.37434283154 -6.426494e+02
2.01384422364  0.82275190952  3.71816365786 -2.282350e+02
1.9379103115  0.918635171089  3.62304665797 -6.653773e+02
2.00652494692  0.861235033594  3.60421888511 -2.121860e+02
2.00374997047  0.726489482363  3.4032432602 -1.037094e+02
2.1264873327  0.76812173054  3.34340787801 -6.157351e+03
1.90115150487  0.759951922367  3.69947432459 -3.312328e+03
2.00872464537  0.738220089383  3.57440844125 -4.107958e+01
1.99036013927  0.832772091451  3.5342150928 -9.914825e+01
1.88628894433  0.697162358865  3.58030539062 -3.890139e+03
2.13547577051  0.804065383212  3.97867360479 -2.832669e+03
2.03969033698  0.699092755867  3.51916834137 -2.148043e+02
1.95802040217  0.752390109446  3.40349189919 -2.297179e+02
2.0632042408  0.665184557076  3.34536278432 -1.209907e+03
1.97510484431  0.802750507335  3.35757708815 -3.366420e+02
2.04292213631  0.753683421788  3.54296892021 -3.853167e+02
1.9594096658  0.786733169533  3.56357709274 -3.605828e+02
2.05505994634  0.731128771413  3.89701208747 -1.048134e+03
1.96492150353  0.714102680535  3.89446609263 -2.868743e+03
1.97384783587  0.708633021139  3.41661139386 -1.394174e+02
2.00464655368  0.730688660659  3.51509184646 -4.303477e+00
1.93213425957  0.876503427111  4.11486587917 -4.648473e+03
1.86549669926  0.720187902379  3.34761860429 -3.230689e+03
2.00930032992  0.694164895047  3.46555045353 -2.428752e+01
2.00377760087  0.776277515381  3.5289060789 -2.528664e+01
1.78130198799  0.703444797896  3.53399777363 -1.100707e+04
2.00289252144  0.754676443539  3.25951744165 -8.822716e+02
2.04573499783  0.809853456241  3.54461139325 -7.407455e+02
1.99079744125  0.761494569485  3.55123930487 -4.202873e+01
2.01939231636  0.707505851203  3.45201787311 -9.438251e+01
1.9857713822  0.761772289087  3.52122036395 -3.876275e+01
1.94991066001  0.797920776363  3.45141375061 -2.971350e+02
2.05570345963  0.612730266802  3.37434283154 -6.426494e+02
2.01290210175  0.813321825319  3.69736291159 -1.874984e+02
1.95790650802  0.973434130302  3.69910298658 -5.916326e+02
1.9800022691  0.834708804414  3.55596098863 -1.002826e+02
2.00374997047  0.726489482363  3.4032432602 -1.037094e+02
2.1264873327  0.76812173054  3.34340787801 -6.157351e+03
1.90115150487  0.759951922367  3.69947432459 -3.312328e+03
2.00872464537  0.738220089383  3.57440844125 -4.107958e+01
1.99036013927  0.832772091451  3.5342150928 -9.914825e+01
1.9064106091  0.699798399784  3.54268732957 -2.567778e+03
2.13547577051  0.804065383212  3.97867360479 -2.832669e+03
2.03688986103  0.705455660487  3.52089459801 -1.874796e+02
1.95802040217  0.752390109446  3.40349189919 -2.297179e+02
2.0632042408  0.665184557076  3.34536278432 -1.209907e+03
1.97510484431  0.802750507335  3.35757708815 -3.366420e+02
2.00714437838  0.747501777542  3.62840935438 -1.233131e+02
1.9594096658  0.786733169533  3.56357709274 -3.605828e+02
2.05505994634  0.731128771413  3.89701208747 -1.048134e+03
1.97171188896  0.706520141106  3.85556147361 -2.360297e+03
1.97663894913  0.765809982456  3.47980819647 -6.671656e+01
2.00464655368  0.730688660659  3.51509184646 -4.303477e+00
1.93213425957  0.876503427111  4.11486587917 -4.648473e+03
1.86549669926  0.720187902379  3.34761860429 -3.230689e+03
2.00930032992  0.694164895047  3.46555045353 -2.428752e+01
2.00377760087  0.776277515381  3.5289060789 -2.528664e+01
1.86206479839  0.726389469849  3.63539790999 -5.415043e+03
1.9749621636  0.756124689452  3.38029619527 -1.305317e+02
2.04573499783  0.809853456241  3.54461139325 -7.407455e+02
1.99687103271  0.756610854618  3.54885192055 -2.056911e+01
2.01244630538  0.718426144195  3.4817289515 -2.823979e+01
1.9857713822  0.761772289087  3.52122036395 -3.876275e+01
1.96162524401  0.800166464833  3.4077823533 -1.952813e+02
2.03419247175  0.65048072269  3.41662373077 -2.390483e+02
2.01290210175  0.813321825319  3.69736291159 -1.874984e+02
1.95790650802  0.973434130302  3.69910298658 -5.916326e+02
1.991734935  0.797011995376  3.58727810041 -5.721693e+01
2.00374997047  0.726489482363  3.4032432602 -1.037094e+02
2.00842955469  0.749489362533  3.47377382608 -5.425885e+01
1.91737454159  0.757794757828  3.61503917669 -1.990427e+03
2.00872464537  0.738220089383  3.57440844125 -4.107958e+01
1.99186681823  0.82200613208  3.53219831014 -7.670285e+01
1.9064106091  0.699798399784  3.54268732957 -2.567778e+03
2.13547577051  0.804065383212  3.97867360479 -2.832669e+03
2.03688986103  0.705455660487  3.52089459801 -1.874796e+02
1.95802040217  0.752390109446  3.40349189919 -2.297179e+02
2.05218595469  0.680370934057  3.37916337362 -7.976665e+02
1.97510484431  0.802750507335  3.35757708815 -3.366420e+02
2.00714437838  0.747501777542  3.62840935438 -1.233131e+02
1.9594096658  0.786733169533  3.56357709274 -3.605828e+02
2.03774666143  0.729563357832  3.73040198411 -3.807713e+02
1.9781883633  0.74362977552  3.75165372967 -1.059407e+03
1.97663894913  0.765809982456  3.47980819647 -6.671656e+01
2.00464655368  0.730688660659  3.51509184646 -4.303477e+00
1.93213425957  0.876503427111  4.11486587917 -4.648473e+03
1.86549669926  0.720187902379  3.34761860429 -3.230689e+03
2.00930032992  0.694164895047  3.46555045353 -2.428752e+01
2.00377760087  0.776277515381  3.5289060789 -2.528664e+01
1.91440439461  0.738123163651  3.60179573896 -2.209910e+03
1.9754878932  0.755845889502  3.38331879752 -1.242664e+02
2.02342257919  0.78797804382  3.61300288778 -1.361184e+02
2.00049818252  0.751974348238  3.54631797837 -1.361866e+01
1.99925255842  0.731060649585  3.5157811967 -9.753791e+00
1.9857713822  0.761772289087  3.52122036395 -3.876275e+01
1.96162524401  0.800166464833  3.4077823533 -1.952813e+02
2.03419247175  0.65048072269  3.41662373077 -2.390483e+02
2.01070223158  0.791302423064  3.64879282573 -1.079617e+02
1.9628175062  0.947928751713  3.67976885112 -4.708752e+02
1.991734935  0.797011995376  3.58727810041 -5.721693e+01
2.00306536077  0.72714133668  3.40358361302 -1.000120e+02
2.00842955469  0.749489362533  3.47377382608 -5.425885e+01
1.91737454159  0.757794757828  3.61503917669 -1.990427e+03
2.00872464537  0.738220089383  3.57440844125 -4.107958e+01
1.99186681823  0.82200613208  3.53219831014 -7.670285e+01
1.9064106091  0.699798399784  3.54268732957 -2.567778e+03
2.10157759489  0.8037874532  3.84739021512 -1.678372e+03
2.03688986103  0.705455660487  3.52089459801 -1.874796e+02
1.96921696589  0.7509013111  3.34521775912 -2.005360e+02
2.05218595469  0.680370934057  3.37916337362 -7.976665e+02
1.97510484431  0.802750507335  3.35757708815 -3.366420e+02
2.00668294254  0.747809873116  3.6260951799 -1.194220e+02
1.9594096658  0.786733169533  3.56357709274 -3.605828e+02
2.03774666143  0.729563357832  3.73040198411 -3.807713e+02
1.98455641839  0.742501636237  3.71469088792 -7.234428e+02
1.97663894913  0.765809982456  3.47980819647 -6.671656e+01
2.00464655368  0.730688660659  3.51509184646 -4.303477e+00
1.93213425957  0.876503427111  4.11486587917 -4.648473e+03
1.87225075378  0.725083995595  3.38243449184 -3.013769e+03
2.00694838614  0.709611646556  3.48713162784 -1.083865e+01
2.00377760087  0.776277515381  3.5289060789 -2.528664e+01
1.91440439461  0.738123163651  3.60179573896 -2.209910e+03
1.9754878932  0.755845889502  3.38331879752 -1.242664e+02
2.02342257919  0.78797804382  3.61300288778 -1.361184e+02
2.00776467371  0.741908029723  3.52281865907 -8.966452e+00
1.99925255842  0.731060649585  3.5157811967 -9.753791e+00
1.99845752412  0.74779611532  3.52113951818 -3.919384e+00
1.96119353731  0.797548979431  3.43813904888 -1.742568e+02
2.03419247175  0.65048072269  3.41662373077 -2.390483e+02
2.01070223158  0.791302423064  3.64879282573 -1.079617e+02
1.9628175062  0.947928751713  3.67976885112 -4.708752e+02
1.99336512914  0.787646629479  3.57654692632 -4.263102e+01
2.00306536077  0.72714133668  3.40358361302 -1.000120e+02
2.00842955469  0.749489362533  3.47377382608 -5.425885e+01
1.91737454159  0.757794757828  3.61503917669 -1.990427e+03
1.99545182852  0.742480413844  3.49741060216 -3.241912e+00
1.99004921443  0.80223872175  3.57757191611 -5.343053e+01
1.9064106091  0.699798399784  3.54268732957 -2.567778e+03
2.10157759489  0.8037874532  3.84739021512 -1.678372e+03
2.01998353103  0.716294703049  3.46225963787 -9.883270e+01
1.96921696589  0.7509013111  3.34521775912 -2.005360e+02
2.05218595469  0.680370934057  3.37916337362 -7.976665e+02
1.97510484431  0.802750507335  3.35757708815 -3.366420e+02
2.00668294254  0.747809873116  3.6260951799 -1.194220e+02
1.98740815926  0.735720597956  3.50855812559 -4.986838e+01
2.03774666143  0.729563357832  3.73040198411 -3.807713e+02
1.98455641839  0.742501636237  3.71469088792 -7.234428e+02
1.99212887732  0.757857783178  3.47686795792 -1.280969e+01
2.00464655368  0.730688660659  3.51509184646 -4.303477e+00
1.93213425957  0.876503427111  4.11486587917 -4.648473e+03
1.87225075378  0.725083995595  3.38243449184 -3.013769e+03
2.00694838614  0.709611646556  3.48713162784 -1.083865e+01
2.00289662116  0.7813506137  3.53934693836 -2.537763e+01
1.93740214077  0.73527459026  3.55038154447 -1.111696e+03
1.98315176164  0.747852895859  3.4260366053 -4.980348e+01
2.02342257919  0.78797804382  3.61300288778 -1.361184e+02
2.00776467371  0.741908029723  3.52281865907 -8.966452e+00
1.99925255842  0.731060649585  3.5157811967 -9.753791e+00
1.99845752412  0.74779611532  3.52113951818 -3.919384e+00
1.96119353731  0.797548979431  3.43813904888 -1.742568e+02
2.0303397513  0.668326026811  3.42899779836 -1.895117e+02
2.00376573347  0.793533193942  3.59204659891 -4.602327e+01
1.9628175062  0.947928751713  3.67976885112 -4.708752e+02
1.99336512914  0.787646629479  3.57654692632 -4.263102e+01
2.00306536077  0.72714133668  3.40358361302 -1.000120e+02
2.00842955469  0.749489362533  3.47377382608 -5.425885e+01
1.95071189442  0.766977063525  3.58553359324 -6.994916e+02
1.99545182852  0.742480413844  3.49741060216 -3.241912e+00
1.99212143798  0.798869572613  3.57140641513 -4.234349e+01
1.91240867326  0.703861056605  3.53808167406 -2.231087e+03
2.10157759489  0.8037874532  3.84739021512 -1.678372e+03
2.01998353103  0.716294703049  3.46225963787 -9.883270e+01
1.96921696589  0.7509013111  3.34521775912 -2.005360e+02
2.05218595469  0.680370934057  3.37916337362 -7.976665e+02
1.97510484431  0.802750507335  3.35757708815 -3.366420e+02
2.00668294254  0.747809873116  3.6260951799 -1.194220e+02
1.98740815926  0.735720597956  3.50855812559 -4.986838e+01
2.03774666143  0.729563357832  3.73040198411 -3.807713e+02
1.98566339118  0.748174915841  3.69733061686 -5.849174e+02
1.99699257638  0.762539104804  3.49802618755 -8.598283e+00
2.00464655368  0.730688660659  3.51509184646 -4.303477e+00
1.93213425957  0.876503427111  4.11486587917 -4.648473e+03
1.90523817235  0.730995855952  3.40456017388 -1.630496e+03
2.00694838614  0.709611646556  3.48713162784 -1.083865e+01
2.00289662116  0.7813506137  3.53934693836 -2.537763e+01
1.93740214077  0.73527459026  3.55038154447 -1.111696e+03
1.98315176164  0.747852895859  3.4260366053 -4.980348e+01
2.00869066123  0.780875102417  3.58702009494 -4.372561e+01
2.00776467371  0.741908029723  3.52281865907 -8.966452e+00
1.99925255842  0.731060649585  3.5157811967 -9.753791e+00
1.99845752412  0.74779611532  3.52113951818 -3.919384e+00
1.96119353731  0.797548979431  3.43813904888 -1.742568e+02
2.0303397513  0.668326026811  3.42899779836 -1.895117e+02
2.00376573347  0.793533193942  3.59204659891 -4.602327e+01
1.9628175062  0.947928751713  3.67976885112 -4.708752e+02
1.99336512914  0.787646629479  3.57654692632 -4.263102e+01
2.00306536077  0.72714133668  3.40358361302 -1.000120e+02
2.00842955469  0.749489362533  3.47377382608 -5.425885e+01
1.95071189442  0.766977063525  3.58553359324 -6.994916e+02
1.99545182852  0.742480413844  3.49741060216 -3.241912e+00
1.98977103356  0.7855012171  3.53331386535 -2.570730e+01
1.91240867326  0.703861056605  3.53808167406 -2.231087e+03
2.10157759489  0.8037874532  3.84739021512 -1.678372e+03
2.01998353103  0.716294703049  3.46225963787 -9.883270e+01
1.96803831184  0.751925233152  3.36052433236 -1.770135e+02
2.04522335713  0.687000403802  3.38262481994 -6.416741e+02
1.98272085936  0.790578228095  3.38413264091 -2.313969e+02
2.00668294254  0.747809873116  3.6260951799 -1.194220e+02
1.99200152161  0.751954924542  3.53200248264 -2.604297e+01
2.02933156047  0.745404968464  3.69613939607 -2.515683e+02
1.98566339118  0.748174915841  3.69733061686 -5.849174e+02
1.99699257638  0.762539104804  3.49802618755 -8.598283e+00
2.00464655368  0.730688660659  3.51509184646 -4.303477e+00
1.96614175721  0.83402389626  3.88038889395 -1.588285e+03
1.90523817235  0.730995855952  3.40456017388 -1.630496e+03
2.00694838614  0.709611646556  3.48713162784 -1.083865e+01
2.00289662116  0.7813506137  3.53934693836 -2.537763e+01
1.93740214077  0.73527459026  3.55038154447 -1.111696e+03
1.98315176164  0.747852895859  3.4260366053 -4.980348e+01
2.00869066123  0.780875102417  3.58702009494 -4.372561e+01
2.00776467371  0.741908029723  3.52281865907 -8.966452e+00
1.99925255842  0.731060649585  3.5157811967 -9.753791e+00
1.99845752412  0.74779611532  3.52113951818 -3.919384e+00
1.97155731415  0.787413664707  3.45547630029 -9.608937e+01
2.0303397513  0.668326026811  3.42899779836 -1.895117e+02
2.00376573347  0.793533193942  3.59204659891 -4.602327e+01
1.98578490814  0.854865917383  3.59238090451 -1.244321e+02
1.99039838369  0.776087476406  3.5328271825 -2.184395e+01
2.00306536077  0.72714133668  3.40358361302 -1.000120e+02
2.00052426741  0.747907271164  3.48230019623 -9.744845e+00
1.95071189442  0.766977063525  3.58553359324 -6.994916e+02
1.99545182852  0.742480413844  3.49741060216 -3.241912e+00
1.98977103356  0.7855012171  3.53331386535 -2.570730e+01
1.91240867326  0.703861056605  3.53808167406 -2.231087e+03
2.04381814946  0.776076014791  3.772616297 -4.576757e+02
2.01107009194  0.734309122158  3.4835202895 -3.478675e+01
1.96803831184  0.751925233152  3.36052433236 -1.770135e+02
2.04522335713  0.687000403802  3.38262481994 -6.416741e+02
1.98312127879  0.789489637237  3.38761878089 -2.184453e+02
2.00557334716  0.747283340897  3.61338158687 -9.802650e+01
1.99200152161  0.751954924542  3.53200248264 -2.604297e+01
2.01857783346  0.737927597823  3.57636321745 -5.342385e+01
1.98566339118  0.748174915841  3.69733061686 -5.849174e+02
1.99699257638  0.762539104804  3.49802618755 -8.598283e+00
2.00464655368  0.730688660659  3.51509184646 -4.303477e+00
1.98040594787  0.818672858038  3.77107111632 -6.927876e+02
1.90523817235  0.730995855952  3.40456017388 -1.630496e+03
2.00694838614  0.709611646556  3.48713162784 -1.083865e+01
2.00289662116  0.7813506137  3.53934693836 -2.537763e+01
1.97258696611  0.74876495711  3.6238600657 -4.861682e+02
1.9841643478  0.75009677383  3.43419124052 -4.237096e+01
2.00869066123  0.780875102417  3.58702009494 -4.372561e+01
2.00178460128  0.744109353999  3.49320656189 -3.819336e+00
1.99925255842  0.731060649585  3.5157811967 -9.753791e+00
1.99845752412  0.74779611532  3.52113951818 -3.919384e+00
1.97155731415  0.787413664707  3.45547630029 -9.608937e+01
2.02960012862  0.667398026377  3.43130224707 -1.768759e+02
2.00376573347  0.793533193942  3.59204659891 -4.602327e+01
1.98578490814  0.854865917383  3.59238090451 -1.244321e+02
1.99039838369  0.776087476406  3.5328271825 -2.184395e+01
2.00306536077  0.72714133668  3.40358361302 -1.000120e+02
2.00052426741  0.747907271164  3.48230019623 -9.744845e+00
1.95071189442  0.766977063525  3.58553359324 -6.994916e+02
1.99545182852  0.742480413844  3.49741060216 -3.241912e+00
1.98961791022  0.786043588275  3.53720130281 -2.748000e+01
1.91709594654  0.707112739693  3.53586197262 -1.990807e+03
2.03794328658  0.768583211069  3.72075369712 -3.157194e+02
2.01107009194  0.734309122158  3.4835202895 -3.478675e+01
1.97765556997  0.745496755517  3.40835971219 -7.903059e+01
2.04462648626  0.688534127814  3.38596422817 -6.211956e+02
1.98312127879  0.789489637237  3.38761878089 -2.184453e+02
2.00557334716  0.747283340897  3.61338158687 -9.802650e+01
1.99197392663  0.752030700095  3.53227914272 -2.634195e+01
2.01857783346  0.737927597823  3.57636321745 -5.342385e+01
1.99017477968  0.759478912358  3.67109218317 -3.546918e+02
1.99646303403  0.764575683035  3.49855877992 -9.648637e+00
2.00464655368  0.730688660659  3.51509184646 -4.303477e+00
1.97839452676  0.811567195933  3.69933189704 -4.303406e+02
1.90523817235  0.730995855952  3.40456017388 -1.630496e+03
2.00694838614  0.709611646556  3.48713162784 -1.083865e+01
2.00228575698  0.772739191467  3.52465780904 -1.793244e+01
1.97258696611  0.74876495711  3.6238600657 -4.861682e+02
1.9841643478  0.75009677383  3.43419124052 -4.237096e+01
2.00869066123  0.780875102417  3.58702009494 -4.372561e+01
2.00178460128  0.744109353999  3.49320656189 -3.819336e+00
1.99869015062  0.737817757098  3.51230891248 -4.172885e+00
1.99645359603  0.747940520691  3.49516269558 -1.708576e+00
1.97155731415  0.787413664707  3.45547630029 -9.608937e+01
2.02960012862  0.667398026377  3.43130224707 -1.768759e+02
2.00305670331  0.790721665294  3.58296972479 -3.867502e+01
1.98578490814  0.854865917383  3.59238090451 -1.244321e+02
1.99500496937  0.774789951621  3.52966139322 -1.200301e+01
2.00306536077  0.72714133668  3.40358361302 -1.000120e+02
2.00052426741  0.747907271164  3.48230019623 -9.744845e+00
1.95071189442  0.766977063525  3.58553359324 -6.994916e+02
1.99545182852  0.742480413844  3.49741060216 -3.241912e+00
2.00020283041  0.760516804926  3.51071405553 -6.375693e+00
1.91709594654  0.707112739693  3.53586197262 -1.990807e+03
2.02062236627  0.775188560929  3.61550028582 -9.938018e+01
2.01107009194  0.734309122158  3.4835202895 -3.478675e+01
1.98379451803  0.752494828513  3.44369992759 -3.750947e+01
2.02428027225  0.738549532255  3.48238801754 -1.637624e+02
1.99020180833  0.787104148718  3.442835871 -1.036183e+02
2.00557334716  0.747283340897  3.61338158687 -9.802650e+01
1.99193606147  0.751991651425  3.53237837411 -2.663860e+01
2.01499551918  0.738632847947  3.5641331292 -3.612132e+01
1.99017477968  0.759478912358  3.67109218317 -3.546918e+02
1.99740140816  0.760724339112  3.49480212944 -8.920511e+00
2.00382098092  0.731747414452  3.51350428911 -3.422078e+00
1.97967719127  0.808727243555  3.68622987813 -3.728342e+02
1.90523817235  0.730995855952  3.40456017388 -1.630496e+03
2.00694838614  0.709611646556  3.48713162784 -1.083865e+01
2.00023671074  0.773316340892  3.52606597748 -1.363216e+01
1.98362262102  0.763961010474  3.60905023363 -2.115408e+02
1.9841643478  0.75009677383  3.43419124052 -4.237096e+01
2.00869066123  0.780875102417  3.58702009494 -4.372561e+01
2.00178460128  0.744109353999  3.49320656189 -3.819336e+00
1.99869015062  0.737817757098  3.51230891248 -4.172885e+00
1.99645359603  0.747940520691  3.49516269558 -1.708576e+00
1.97749678156  0.778501734624  3.52426351018 -8.173488e+01
2.02960012862  0.667398026377  3.43130224707 -1.768759e+02
2.00305670331  0.790721665294  3.58296972479 -3.867502e+01
1.98766503  0.823422032606  3.57404091797 -7.044675e+01
1.99500496937  0.774789951621  3.52966139322 -1.200301e+01
2.00312334627  0.727607026647  3.40843421331 -9.097830e+01
1.99909427851  0.753776336446  3.48802495812 -8.744301e+00
1.95071189442  0.766977063525  3.58553359324 -6.994916e+02
1.99400596823  0.743722505187  3.49074884846 -4.567668e+00
2.00020283041  0.760516804926  3.51071405553 -6.375693e+00
1.91709594654  0.707112739693  3.53586197262 -1.990807e+03
2.01649770893  0.767540257091  3.61491958969 -7.758985e+01
2.00461763115  0.737868606717  3.48625362606 -9.353505e+00
1.98379451803  0.752494828513  3.44369992759 -3.750947e+01
2.01514900968  0.759715392094  3.50524480197 -8.426644e+01
1.9926678899  0.786273305596  3.46206746198 -7.595528e+01
2.00676569007  0.760131869457  3.6032985675 -6.024569e+01
1.99193606147  0.751991651425  3.53237837411 -2.663860e+01
2.01499551918  0.738632847947  3.5641331292 -3.612132e+01
1.99017477968  0.759478912358  3.67109218317 -3.546918e+02
1.99772479037  0.762439652168  3.49984374637 -8.540213e+00
2.00195917209  0.733950141274  3.51307052642 -2.925076e+00
1.97967719127  0.808727243555  3.68622987813 -3.728342e+02
1.90523817235  0.730995855952  3.40456017388 -1.630496e+03
2.00694838614  0.709611646556  3.48713162784 -1.083865e+01
2.00023671074  0.773316340892  3.52606597748 -1.363216e+01
1.98362262102  0.763961010474  3.60905023363 -2.115408e+02
1.9841643478  0.75009677383  3.43419124052 -4.237096e+01
2.00869066123  0.780875102417  3.58702009494 -4.372561e+01
2.00178460128  0.744109353999  3.49320656189 -3.819336e+00
1.99869015062  0.737817757098  3.51230891248 -4.172885e+00
1.99645359603  0.747940520691  3.49516269558 -1.708576e+00
1.97749678156  0.778501734624  3.52426351018 -8.173488e+01
2.02960012862  0.667398026377  3.43130224707 -1.768759e+02
2.00305670331  0.790721665294  3.58296972479 -3.867502e+01
1.98766503  0.823422032606  3.57404091797 -7.044675e+01
1.99500496937  0.774789951621  3.52966139322 -1.200301e+01
2.00312334627  0.727607026647  3.40843421331 -9.097830e+01
1.99909427851  0.753776336446  3.48802495812 -8.744301e+00
1.95071189442  0.766977063525  3.58553359324 -6.994916e+02
1.99400596823  0.743722505187  3.49074884846 -4.567668e+00
2.00088556077  0.750189732484  3.5116300699 -1.550854e+00
1.91709594654  0.707112739693  3.53586197262 -1.990807e+03
2.01138466483  0.754769931872  3.55954329011 -2.721679e+01
2.00495022839  0.737458283795  3.48589067663 -1.019738e+01
1.99301314309  0.763003568847  3.49676898635 -8.760043e+00
2.00637552115  0.780051947656  3.52720602963 -4.371228e+01
1.9926678899  0.786273305596  3.46206746198 -7.595528e+01
2.00676569007  0.760131869457  3.6032985675 -6.024569e+01
1.99193606147  0.751991651425  3.53237837411 -2.663860e+01
2.01499551918  0.738632847947  3.5641331292 -3.612132e+01
1.99227684279  0.758134983214  3.6279486314 -1.937680e+02
1.99772479037  0.762439652168  3.49984374637 -8.540213e+00
2.00195917209  0.733950141274  3.51307052642 -2.925076e+00
1.97967719127  0.808727243555  3.68622987813 -3.728342e+02
1.91030866441  0.731722812989  3.40948334434 -1.460731e+03
2.00694838614  0.709611646556  3.48713162784 -1.083865e+01
2.00023671074  0.773316340892  3.52606597748 -1.363216e+01
1.98362262102  0.763961010474  3.60905023363 -2.115408e+02
1.98678751348  0.749636517096  3.44720572487 -2.861058e+01
2.00869066123  0.780875102417  3.58702009494 -4.372561e+01
2.00178460128  0.744109353999  3.49320656189 -3.819336e+00
1.99869015062  0.737817757098  3.51230891248 -4.172885e+00
1.99645359603  0.747940520691  3.49516269558 -1.708576e+00
1.97749678156  0.778501734624  3.52426351018 -8.173488e+01
2.02960012862  0.667398026377  3.43130224707 -1.768759e+02
2.00305670331  0.790721665294  3.58296972479 -3.867502e+01
1.98766503  0.823422032606  3.57404091797 -7.044675e+01
1.99500496937  0.774789951621  3.52966139322 -1.200301e+01
2.00312334627  0.727607026647  3.40843421331 -9.097830e+01
1.99909427851  0.753776336446  3.48802495812 -8.744301e+00
1.9652950042  0.757578803661  3.56491324214 -3.697744e+02
1.99351678717  0.743093404461  3.48643392749 -5.292703e+00
2.00088556077  0.750189732484  3.5116300699 -1.550854e+00
1.92506622781  0.715461499133  3.52807915032 -1.567927e+03
2.00552948236  0.764625155449  3.52904985509 -1.685211e+01
2.00313386931  0.737562584831  3.49355591726 -2.942645e+00
1.99301314309  0.763003568847  3.49676898635 -8.760043e+00
2.00637552115  0.780051947656  3.52720602963 -4.371228e+01
1.99068810142  0.78525913667  3.47018387752 -5.575974e+01
2.00676569007  0.760131869457  3.6032985675 -6.024569e+01
1.99193606147  0.751991651425  3.53237837411 -2.663860e+01
2.01194982464  0.746995865172  3.55284509617 -2.446833e+01
1.99227684279  0.758134983214  3.6279486314 -1.937680e+02
1.99772479037  0.762439652168  3.49984374637 -8.540213e+00
2.00195917209  0.733950141274  3.51307052642 -2.925076e+00
1.97967719127  0.808727243555  3.68622987813 -3.728342e+02
1.91030866441  0.731722812989  3.40948334434 -1.460731e+03
2.0043329367  0.724318666002  3.48742911042 -4.063520e+00
1.9997341031  0.764719808501  3.50933001122 -9.680013e+00
1.98362262102  0.763961010474  3.60905023363 -2.115408e+02
1.99271337957  0.747452544529  3.46538224045 -1.202381e+01
2.00869066123  0.780875102417  3.58702009494 -4.372561e+01
2.00178460128  0.744109353999  3.49320656189 -3.819336e+00
1.99869015062  0.737817757098  3.51230891248 -4.172885e+00
1.99645359603  0.747940520691  3.49516269558 -1.708576e+00
1.98181763583  0.780715140852  3.50654957295 -4.373843e+01
1.97451831837  0.697099444783  3.42122755591 -1.625293e+02
2.00359248964  0.788999157716  3.57396729466 -3.479663e+01
1.98775238101  0.822875272992  3.57366833003 -6.955649e+01
1.99500496937  0.774789951621  3.52966139322 -1.200301e+01
2.00298484934  0.728249124186  3.40912194716 -9.004311e+01
1.99909427851  0.753776336446  3.48802495812 -8.744301e+00
1.9652950042  0.757578803661  3.56491324214 -3.697744e+02
1.99351678717  0.743093404461  3.48643392749 -5.292703e+00
2.00088556077  0.750189732484  3.5116300699 -1.550854e+00
1.95259343599  0.732939123469  3.56898233202 -7.818140e+02
2.00174129844  0.763564371961  3.51487400912 -1.039222e+01
2.00377600167  0.734446901178  3.49372217956 -2.957986e+00
1.99301314309  0.763003568847  3.49676898635 -8.760043e+00
2.00637552115  0.780051947656  3.52720602963 -4.371228e+01
1.99068810142  0.78525913667  3.47018387752 -5.575974e+01
2.00620250992  0.758320305146  3.59085116193 -4.595034e+01
1.99193606147  0.751991651425  3.53237837411 -2.663860e+01
2.0090130802  0.744963103443  3.54386716715 -1.489418e+01
1.99227684279  0.758134983214  3.6279486314 -1.937680e+02
1.99772479037  0.762439652168  3.49984374637 -8.540213e+00
2.00071730375  0.742544360755  3.5022138235 -2.696099e-01
1.97967719127  0.808727243555  3.68622987813 -3.728342e+02
1.93816817754  0.716700302794  3.41457896465 -7.311092e+02
2.0043329367  0.724318666002  3.48742911042 -4.063520e+00
1.9997341031  0.764719808501  3.50933001122 -9.680013e+00
1.98362262102  0.763961010474  3.60905023363 -2.115408e+02
1.99271337957  0.747452544529  3.46538224045 -1.202381e+01
2.00351543306  0.770049145478  3.54762017291 -1.515165e+01
2.00147187871  0.74562671189  3.49312559109 -4.202248e+00
1.99869015062  0.737817757098  3.51230891248 -4.172885e+00
1.99544242931  0.736407241471  3.49143917146 -4.353550e+00
1.98202959182  0.780068080251  3.50574874073 -4.250104e+01
1.97498217452  0.699628446922  3.42263194651 -1.522425e+02
1.99792682599  0.787357103794  3.5284012497 -2.554014e+01
1.98775238101  0.822875272992  3.57366833003 -6.955649e+01
1.99616041963  0.775324663989  3.52941188462 -1.171224e+01
1.99773639749  0.742897461498  3.51637826128 -4.892805e+00
1.99909427851  0.753776336446  3.48802495812 -8.744301e+00
1.9652950042  0.757578803661  3.56491324214 -3.697744e+02
1.99351678717  0.743093404461  3.48643392749 -5.292703e+00
2.00269225292  0.743187694719  3.51836711672 -2.031410e+00
1.95259343599  0.732939123469  3.56898233202 -7.818140e+02
2.00174129844  0.763564371961  3.51487400912 -1.039222e+01
2.00377600167  0.734446901178  3.49372217956 -2.957986e+00
1.99301314309  0.763003568847  3.49676898635 -8.760043e+00
2.00419185158  0.773775649684  3.52028211327 -2.790237e+01
1.99068810142  0.78525913667  3.47018387752 -5.575974e+01
2.00620250992  0.758320305146  3.59085116193 -4.595034e+01
1.99193606147  0.751991651425  3.53237837411 -2.663860e+01
2.00724668101  0.751436267456  3.54634313228 -1.352153e+01
1.99227684279  0.758134983214  3.6279486314 -1.937680e+02
1.9965287284  0.770005882236  3.51016585326 -1.030688e+01
2.00071730375  0.742544360755  3.5022138235 -2.696099e-01
1.98351440202  0.815450177925  3.63274229501 -1.652469e+02
1.93816817754  0.716700302794  3.41457896465 -7.311092e+02
2.00476971886  0.723560496856  3.4874692983 -4.659012e+00
1.9997341031  0.764719808501  3.50933001122 -9.680013e+00
2.01220058903  0.792532256985  3.64595288542 -1.055839e+02
1.99271337957  0.747452544529  3.46538224045 -1.202381e+01
2.00351543306  0.770049145478  3.54762017291 -1.515165e+01
2.00147187871  0.74562671189  3.49312559109 -4.202248e+00
1.99869015062  0.737817757098  3.51230891248 -4.172885e+00
1.99544242931  0.736407241471  3.49143917146 -4.353550e+00
1.98845902806  0.774494318115  3.5070492878 -2.042463e+01
1.98276917809  0.720631329554  3.44140656957 -5.768164e+01
1.99792682599  0.787357103794  3.5284012497 -2.554014e+01
1.98775238101  0.822875272992  3.57366833003 -6.955649e+01
1.99616041963  0.775324663989  3.52941188462 -1.171224e+01
1.99944045334  0.73814147144  3.48155451625 -2.714364e+00
1.99909427851  0.753776336446  3.48802495812 -8.744301e+00
1.9652950042  0.757578803661  3.56491324214 -3.697744e+02
1.99717220115  0.753599786793  3.49802440851 -2.900041e+00
2.00269225292  0.743187694719  3.51836711672 -2.031410e+00
1.95259343599  0.732939123469  3.56898233202 -7.818140e+02
2.00320812691  0.761840143795  3.53985499268 -9.443481e+00
2.00377600167  0.734446901178  3.49372217956 -2.957986e+00
1.99689629349  0.762560433817  3.51317994353 -4.943232e+00
2.00419185158  0.773775649684  3.52028211327 -2.790237e+01
1.99062321712  0.784945792262  3.47125696297 -5.360432e+01
2.00563303295  0.756792240768  3.57908688363 -3.417971e+01
1.99122564758  0.756589308394  3.52720323412 -2.139756e+01
2.00667131194  0.752918498099  3.54541877303 -1.263499e+01
1.99259218649  0.755970548146  3.61435007774 -1.601867e+02
1.9965287284  0.770005882236  3.51016585326 -1.030688e+01
2.00071730375  0.742544360755  3.5022138235 -2.696099e-01
1.98351440202  0.815450177925  3.63274229501 -1.652469e+02
1.96648064362  0.728322683759  3.46012008272 -2.227388e+02
2.00115184174  0.726678291495  3.49456707405 -2.050670e+00
1.9970174247  0.767074932439  3.50878048122 -8.601080e+00
2.01220058903  0.792532256985  3.64595288542 -1.055839e+02
1.99468192981  0.762520145419  3.48917764873 -1.085383e+01
2.00351543306  0.770049145478  3.54762017291 -1.515165e+01
2.00147187871  0.74562671189  3.49312559109 -4.202248e+00
1.99869015062  0.737817757098  3.51230891248 -4.172885e+00
1.99544242931  0.736407241471  3.49143917146 -4.353550e+00
1.99240601192  0.771072626322  3.50784768413 -1.207253e+01
1.98276917809  0.720631329554  3.44140656957 -5.768164e+01
1.99792682599  0.787357103794  3.5284012497 -2.554014e+01
1.99036024605  0.800161236076  3.54187112354 -3.580319e+01
1.99616041963  0.775324663989  3.52941188462 -1.171224e+01
1.99944045334  0.73814147144  3.48155451625 -2.714364e+00
1.99909427851  0.753776336446  3.48802495812 -8.744301e+00
1.9652950042  0.757578803661  3.56491324214 -3.697744e+02
1.99717220115  0.753599786793  3.49802440851 -2.900041e+00
2.00269225292  0.743187694719  3.51836711672 -2.031410e+00
1.95259343599  0.732939123469  3.56898233202 -7.818140e+02
2.00320812691  0.761840143795  3.53985499268 -9.443481e+00
2.00372416863  0.741529000228  3.50444372071 -2.853045e+00
1.99689629349  0.762560433817  3.51317994353 -4.943232e+00
2.00419185158  0.773775649684  3.52028211327 -2.790237e+01
1.98922331729  0.77348241588  3.46593644438 -3.738607e+01
2.00244192952  0.765853779486  3.57131100484 -2.565693e+01
1.99176816614  0.756316567061  3.52454117884 -1.775739e+01
2.00667131194  0.752918498099  3.54541877303 -1.263499e+01
1.99259218649  0.755970548146  3.61435007774 -1.601867e+02
1.99313587135  0.757831007668  3.4932110535 -6.967129e+00
2.00071730375  0.742544360755  3.5022138235 -2.696099e-01
1.98660135783  0.800043345846  3.589381852 -8.188041e+01
1.96648064362  0.728322683759  3.46012008272 -2.227388e+02
2.00115184174  0.726678291495  3.49456707405 -2.050670e+00
1.9970174247  0.767074932439  3.50878048122 -8.601080e+00
2.00733262358  0.771249682836  3.57661016236 -3.113220e+01
1.99488907167  0.76202022055  3.48993246979 -1.017811e+01
1.99933878968  0.766161764161  3.51968939745 -7.540547e+00
2.00147187871  0.74562671189  3.49312559109 -4.202248e+00
1.99869015062  0.737817757098  3.51230891248 -4.172885e+00
1.99544242931  0.736407241471  3.49143917146 -4.353550e+00
1.99240601192  0.771072626322  3.50784768413 -1.207253e+01
1.98276917809  0.720631329554  3.44140656957 -5.768164e+01
1.99792682599  0.787357103794  3.5284012497 -2.554014e+01
1.99331351099  0.783171590273  3.52890722499 -1.822835e+01
1.99631780898  0.774192471326  3.52847249596 -1.096850e+01
2.00036775905  0.740036519031  3.48974464873 -1.497483e+00
2.00244232634  0.753397285219  3.51338544242 -4.465815e+00
1.96780516271  0.756513406007  3.5604701235 -3.187099e+02
1.99717220115  0.753599786793  3.49802440851 -2.900041e+00
2.00269225292  0.743187694719  3.51836711672 -2.031410e+00
1.95276191112  0.733271557567  3.56908339117 -7.759407e+02
2.0031812777  0.761632149749  3.53944924915 -9.264115e+00
2.00385736422  0.74099621836  3.50413073078 -2.947123e+00
1.99689629349  0.762560433817  3.51317994353 -4.943232e+00
2.00301153138  0.771923865577  3.520137958 -2.108734e+01
1.98973261894  0.774688889905  3.4737774232 -3.216747e+01
2.00244192952  0.765853779486  3.57131100484 -2.565693e+01
1.99176816614  0.756316567061  3.52454117884 -1.775739e+01
2.00667131194  0.752918498099  3.54541877303 -1.263499e+01
1.99468850111  0.768304295471  3.58057538963 -5.527800e+01
1.99313587135  0.757831007668  3.4932110535 -6.967129e+00
2.00071730375  0.742544360755  3.5022138235 -2.696099e-01
1.98842756875  0.793590602821  3.5813221459 -6.530810e+01
1.97860805664  0.751089669758  3.48645313337 -7.100846e+01
2.00115184174  0.726678291495  3.49456707405 -2.050670e+00
1.9970174247  0.767074932439  3.50878048122 -8.601080e+00
2.00733262358  0.771249682836  3.57661016236 -3.113220e+01
1.99488907167  0.76202022055  3.48993246979 -1.017811e+01
1.99933878968  0.766161764161  3.51968939745 -7.540547e+00
2.00128579437  0.746087389668  3.49281889449 -4.296962e+00
1.99680620379  0.749813339105  3.50121836982 -1.597959e+00
1.99466870855  0.737725676723  3.49101528841 -5.301748e+00
1.99240601192  0.771072626322  3.50784768413 -1.207253e+01
1.98276917809  0.720631329554  3.44140656957 -5.768164e+01
1.99792682599  0.787357103794  3.5284012497 -2.554014e+01
1.99379947931  0.780504910204  3.52715513009 -1.600058e+01
1.99631780898  0.774192471326  3.52847249596 -1.096850e+01
2.00036775905  0.740036519031  3.48974464873 -1.497483e+00
2.00244232634  0.753397285219  3.51338544242 -4.465815e+00
1.97962945312  0.761699476987  3.56931316605 -1.618759e+02
1.99717220115  0.753599786793  3.49802440851 -2.900041e+00
2.00269225292  0.743187694719  3.51836711672 -2.031410e+00
1.95276191112  0.733271557567  3.56908339117 -7.759407e+02
2.0031812777  0.761632149749  3.53944924915 -9.264115e+00
2.00387754962  0.740819318157  3.50399871307 -2.945240e+00
1.99689629349  0.762560433817  3.51317994353 -4.943232e+00
2.00301153138  0.771923865577  3.520137958 -2.108734e+01
1.98973261894  0.774688889905  3.4737774232 -3.216747e+01
2.00001067929  0.769164205254  3.55430429606 -1.535717e+01
1.9933670564  0.764375205323  3.52554331727 -1.140153e+01
2.00667131194  0.752918498099  3.54541877303 -1.263499e+01
1.99468850111  0.768304295471  3.58057538963 -5.527800e+01
1.99313587135  0.757831007668  3.4932110535 -6.967129e+00
2.00003801561  0.742323084615  3.49665786258 -4.710683e-01
1.98842756875  0.793590602821  3.5813221459 -6.530810e+01
1.97860805664  0.751089669758  3.48645313337 -7.100846e+01
2.00102673259  0.727344340154  3.49475856216 -1.869462e+00
1.9970174247  0.767074932439  3.50878048122 -8.601080e+00
2.00205647885  0.771187098251  3.55230452651 -1.516120e+01
1.99488907167  0.76202022055  3.48993246979 -1.017811e+01
1.99841563985  0.764713450235  3.519576651 -5.940826e+00
2.00128579437  0.746087389668  3.49281889449 -4.296962e+00
1.99680620379  0.749813339105  3.50121836982 -1.597959e+00
1.99458291538  0.737220767385  3.48999885372 -5.507154e+00
1.99240601192  0.771072626322  3.50784768413 -1.207253e+01
1.98276917809  0.720631329554  3.44140656957 -5.768164e+01
1.99582678386  0.774414788444  3.51297616219 -1.300879e+01
1.99379947931  0.780504910204  3.52715513009 -1.600058e+01
1.99631780898  0.774192471326  3.52847249596 -1.096850e+01
2.00117105657  0.73355361667  3.48518049618 -1.829813e+00
2.00235050254  0.753407681105  3.51268990398 -4.452744e+00
1.97962945312  0.761699476987  3.56931316605 -1.618759e+02
1.99669959731  0.752116734848  3.49623465728 -2.618459e+00
2.00269225292  0.743187694719  3.51836711672 -2.031410e+00
1.95276191112  0.733271557567  3.56908339117 -7.759407e+02
2.0031812777  0.761632149749  3.53944924915 -9.264115e+00
2.00463163811  0.737672542029  3.50315782523 -3.343518e+00
1.99689629349  0.762560433817  3.51317994353 -4.943232e+00
2.00301153138  0.771923865577  3.520137958 -2.108734e+01
1.98973261894  0.774688889905  3.4737774232 -3.216747e+01
2.00001067929  0.769164205254  3.55430429606 -1.535717e+01
1.9933670564  0.764375205323  3.52554331727 -1.140153e+01
2.00667131194  0.752918498099  3.54541877303 -1.263499e+01
1.99425971891  0.77418874782  3.55481037872 -2.426181e+01
1.99313587135  0.757831007668  3.4932110535 -6.967129e+00
2.00003801561  0.742323084615  3.49665786258 -4.710683e-01
1.98936220472  0.790288155306  3.57719727122 -5.756455e+01
1.98630967601  0.756386892069  3.49933227781 -2.622940e+01
2.00149645261  0.73181257789  3.5014167881 -1.111196e+00
1.9976614958  0.763104474638  3.50651084891 -6.664013e+00
2.00205647885  0.771187098251  3.55230452651 -1.516120e+01
1.99482170754  0.756563551644  3.48994707637 -6.343697e+00
1.99969984653  0.763238096634  3.52635029286 -5.762973e+00
2.00128579437  0.746087389668  3.49281889449 -4.296962e+00
1.99615555694  0.751321320009  3.50213651724 -2.244587e+00
1.99454103281  0.738156153416  3.49122325007 -5.435727e+00
1.99240601192  0.771072626322  3.50784768413 -1.207253e+01
1.99119941062  0.731220724407  3.4683789264 -1.422040e+01
1.99504849577  0.769618289433  3.50725953306 -1.010596e+01
1.99379947931  0.780504910204  3.52715513009 -1.600058e+01
1.99631780898  0.774192471326  3.52847249596 -1.096850e+01
2.0012374211  0.73363260644  3.48552525239 -1.809225e+00
2.00220478822  0.749723217489  3.51076653344 -2.742029e+00
1.97962945312  0.761699476987  3.56931316605 -1.618759e+02
1.99716620573  0.750141671999  3.49673874292 -1.853930e+00
2.00196189142  0.745264670053  3.52409484994 -3.133727e+00
1.9758137158  0.737685077586  3.53376874 -1.999984e+02
2.0031812777  0.761632149749  3.53944924915 -9.264115e+00
2.00463163811  0.737672542029  3.50315782523 -3.343518e+00
1.99689629349  0.762560433817  3.51317994353 -4.943232e+00
2.00300434583  0.771921785111  3.52012633698 -2.106752e+01
1.98973261894  0.774688889905  3.4737774232 -3.216747e+01
2.00001067929  0.769164205254  3.55430429606 -1.535717e+01
1.99498062576  0.760787448955  3.52527138622 -8.262508e+00
2.00667131194  0.752918498099  3.54541877303 -1.263499e+01
1.99425971891  0.77418874782  3.55481037872 -2.426181e+01
1.99313587135  0.757831007668  3.4932110535 -6.967129e+00
2.00003801561  0.742323084615  3.49665786258 -4.710683e-01
1.98936220472  0.790288155306  3.57719727122 -5.756455e+01
1.98630967601  0.756386892069  3.49933227781 -2.622940e+01
2.00149645261  0.73181257789  3.5014167881 -1.111196e+00
1.99916478233  0.759357008187  3.50608012302 -5.523483e+00
2.00189246068  0.763666726266  3.53893182572 -8.782318e+00
1.9948292772  0.756571069725  3.48992962502 -6.353477e+00
1.99811792011  0.765579762927  3.52202337867 -6.206182e+00
2.0007751645  0.744546918991  3.49438991961 -2.251176e+00
1.99615555694  0.751321320009  3.50213651724 -2.244587e+00
1.99454103281  0.738156153416  3.49122325007 -5.435727e+00
1.99240601192  0.771072626322  3.50784768413 -1.207253e+01
1.99119941062  0.731220724407  3.4683789264 -1.422040e+01
1.99506561541  0.770637198358  3.50861289403 -1.057301e+01
1.99379947931  0.780504910204  3.52715513009 -1.600058e+01
1.99631780898  0.774192471326  3.52847249596 -1.096850e+01
2.00111282796  0.734535365329  3.48668169771 -1.576322e+00
2.00220478822  0.749723217489  3.51076653344 -2.742029e+00
1.98440148677  0.760332684885  3.54242507213 -7.209972e+01
2.00047656743  0.743825947327  3.49963625139 -6.298336e-01
1.99730791584  0.756462359934  3.50494603502 -3.006079e+00
1.9758137158  0.737685077586  3.53376874 -1.999984e+02
2.00104076884  0.761411668554  3.53574858712 -6.975348e+00
2.00363511894  0.742620820522  3.50628213202 -2.775091e+00
1.99755953272  0.758152234406  3.50901190549 -3.306632e+00
1.99950176988  0.757947743359  3.50816467884 -4.403246e+00
1.99164681771  0.772441374521  3.4842676561 -2.225003e+01
2.00001067929  0.769164205254  3.55430429606 -1.535717e+01
1.99487820979  0.755514830359  3.51733888251 -6.372286e+00
2.00572912956  0.754854457629  3.54387663954 -1.128579e+01
1.99425971891  0.77418874782  3.55481037872 -2.426181e+01
1.99246480057  0.753377639643  3.48785504515 -6.931628e+00
2.00287270978  0.726181613725  3.4898424703 -2.227889e+00
1.98936220472  0.790288155306  3.57719727122 -5.756455e+01
1.99191767253  0.748108703316  3.49453975731 -8.493689e+00
2.00150150468  0.731812868273  3.5014329976 -1.112298e+00
1.99987885813  0.757094099143  3.50718092756 -4.508394e+00
2.00189246068  0.763666726266  3.53893182572 -8.782318e+00
1.99511673361  0.755433244744  3.49257533342 -4.969449e+00
1.99882183816  0.762187700346  3.51609025142 -5.038118e+00
2.0007751645  0.744546918991  3.49438991961 -2.251176e+00
1.99492038926  0.752009498606  3.4973570057 -3.372802e+00
1.99479692462  0.745835604352  3.4918242342 -3.122351e+00
1.994483035  0.765865321794  3.50831690017 -7.651674e+00
1.99119941062  0.731220724407  3.4683789264 -1.422040e+01
1.99506561541  0.770637198358  3.50861289403 -1.057301e+01
1.99314036653  0.769157967281  3.51573142315 -1.031072e+01
1.99631780898  0.774192471326  3.52847249596 -1.096850e+01
2.00111282796  0.734535365329  3.48668169771 -1.576322e+00
2.00283267679  0.748372155642  3.5123424369 -2.848266e+00
1.98440148677  0.760332684885  3.54242507213 -7.209972e+01
2.00047656743  0.743825947327  3.49963625139 -6.298336e-01
1.99743663111  0.756549508635  3.50513487557 -3.031063e+00
1.9758137158  0.737685077586  3.53376874 -1.999984e+02
1.99669661531  0.767487466191  3.52821727508 -7.724457e+00
1.99890244536  0.738282271218  3.4918572601 -3.828082e-01
1.99755953272  0.758152234406  3.50901190549 -3.306632e+00
1.99991734882  0.751927292311  3.50452881129 -2.282831e+00
1.99164681771  0.772441374521  3.4842676561 -2.225003e+01
2.00001067929  0.769164205254  3.55430429606 -1.535717e+01
1.99487820979  0.755514830359  3.51733888251 -6.372286e+00
2.00572912956  0.754854457629  3.54387663954 -1.128579e+01
1.99425971891  0.77418874782  3.55481037872 -2.426181e+01
1.99280251884  0.753189478562  3.48916185426 -6.336864e+00
2.0013580546  0.739644594246  3.49965673781 -4.079324e-01
1.98936220472  0.790288155306  3.57719727122 -5.756455e+01
1.99191767253  0.748108703316  3.49453975731 -8.493689e+00
1.99986646074  0.741762868757  3.50292203116 -5.169165e-02
1.9993140765  0.758012184353  3.50729982998 -4.457458e+00
2.00005017443  0.764213387031  3.53131970316 -6.755586e+00
1.99511673361  0.755433244744  3.49257533342 -4.969449e+00
1.99882183816  0.762187700346  3.51609025142 -5.038118e+00
2.0007751645  0.744546918991  3.49438991961 -2.251176e+00
1.99492038926  0.752009498606  3.4973570057 -3.372802e+00
1.99479692462  0.745835604352  3.4918242342 -3.122351e+00
1.9945268467  0.765752952724  3.50828636042 -7.573679e+00
1.9947352311  0.73446209131  3.4791558703 -5.131875e+00
1.99506561541  0.770637198358  3.50861289403 -1.057301e+01
1.99370401325  0.764732994364  3.51625278156 -8.380789e+00
1.99631780898  0.774192471326  3.52847249596 -1.096850e+01
2.00105586229  0.734865701019  3.4874239681 -1.413313e+00
2.00283267679  0.748372155642  3.5123424369 -2.848266e+00
1.98440148677  0.760332684885  3.54242507213 -7.209972e+01
2.00047656743  0.743825947327  3.49963625139 -6.298336e-01
1.99743663111  0.756549508635  3.50513487557 -3.031063e+00
1.9758137158  0.737685077586  3.53376874 -1.999984e+02
1.99701485811  0.764044645102  3.52113436027 -5.572549e+00
1.99986766838  0.733371012146  3.48732760224 -8.247844e-01
1.9980755831  0.757271418287  3.5080427347 -3.122145e+00
2.00206280648  0.742970410097  3.49225435259 -4.023160e+00
1.99163801164  0.772468284169  3.4842578912 -2.228401e+01
2.00001067929  0.769164205254  3.55430429606 -1.535717e+01
1.99728603561  0.75103644763  3.50796843488 -1.658437e+00
2.00572912956  0.754854457629  3.54387663954 -1.128579e+01
1.99460174521  0.772681453357  3.53520394676 -1.295606e+01
1.99239596739  0.747983641546  3.47694452338 -7.740081e+00
2.0013580546  0.739644594246  3.49965673781 -4.079324e-01
1.98936220472  0.790288155306  3.57719727122 -5.756455e+01
1.99191767253  0.748108703316  3.49453975731 -8.493689e+00
1.99986646074  0.741762868757  3.50292203116 -5.169165e-02
1.99969286283  0.756974410582  3.50784267953 -4.073869e+00
2.00005017443  0.764213387031  3.53131970316 -6.755586e+00
1.99511673361  0.755433244744  3.49257533342 -4.969449e+00
1.99882183816  0.762187700346  3.51609025142 -5.038118e+00
2.0007751645  0.744546918991  3.49438991961 -2.251176e+00
1.99492038926  0.752009498606  3.4973570057 -3.372802e+00
1.99456794552  0.745036935531  3.49069154607 -3.459640e+00
1.9945268467  0.765752952724  3.50828636042 -7.573679e+00
1.99950197398  0.743303829044  3.50721755076 -3.936448e-01
1.99622056023  0.767227014185  3.50842065118 -8.351206e+00
1.99620988555  0.761486624605  3.51273380159 -4.702636e+00
1.99950022004  0.767653377474  3.53368136291 -8.303802e+00
2.00077084834  0.744218658275  3.50566175609 -3.872196e-01
2.00283267679  0.748372155642  3.5123424369 -2.848266e+00
1.98440148677  0.760332684885  3.54242507213 -7.209972e+01
2.00047656743  0.743825947327  3.49963625139 -6.298336e-01
1.99743663111  0.756549508635  3.50513487557 -3.031063e+00
1.9758137158  0.737685077586  3.53376874 -1.999984e+02
1.99574044031  0.763973796566  3.51685790904 -5.957450e+00
1.99986766838  0.733371012146  3.48732760224 -8.247844e-01
1.9980755831  0.757271418287  3.5080427347 -3.122145e+00
2.0022359634  0.742395169488  3.49158051055 -4.272513e+00
1.99163801164  0.772468284169  3.4842578912 -2.228401e+01
2.00001067929  0.769164205254  3.55430429606 -1.535717e+01
1.99721421471  0.752127811178  3.50799891759 -1.812687e+00
2.00572912956  0.754854457629  3.54387663954 -1.128579e+01
1.99460174521  0.772681453357  3.53520394676 -1.295606e+01
1.99239596739  0.747983641546  3.47694452338 -7.740081e+00
2.0013580546  0.739644594246  3.49965673781 -4.079324e-01
1.98936220472  0.790288155306  3.57719727122 -5.756455e+01
1.99191767253  0.748108703316  3.49453975731 -8.493689e+00
1.99991571253  0.741554644312  3.50234159297 -3.285319e-02
1.99969286283  0.756974410582  3.50784267953 -4.073869e+00
2.00245113104  0.762324009233  3.54567614415 -1.054827e+01
1.99476121525  0.751634730028  3.48747190376 -4.669932e+00
1.99882183816  0.762187700346  3.51609025142 -5.038118e+00
2.00063004944  0.746213197727  3.49619366637 -2.315239e+00
1.99492038926  0.752009498606  3.4973570057 -3.372802e+00
1.99456794552  0.745036935531  3.49069154607 -3.459640e+00
1.99552413444  0.766373321832  3.51665516497 -6.991442e+00
2.00195024108  0.728626091622  3.49323490303 -1.305892e+00
1.9966981898  0.759969133275  3.50821793239 -4.161740e+00
1.99620988555  0.761486624605  3.51273380159 -4.702636e+00
1.99933432441  0.767952986273  3.53300703496 -8.304629e+00
2.00042196711  0.746936281061  3.5092295624 -6.444109e-01
2.00283267679  0.748372155642  3.5123424369 -2.848266e+00
1.98841407944  0.755475940551  3.53205789833 -4.002134e+01
2.00378062313  0.742125918465  3.50891461351 -2.519616e+00
1.99743663111  0.756549508635  3.50513487557 -3.031063e+00
1.9758137158  0.737685077586  3.53376874 -1.999984e+02
1.99574044031  0.763973796566  3.51685790904 -5.957450e+00
1.99986766838  0.733371012146  3.48732760224 -8.247844e-01
1.9980755831  0.757271418287  3.5080427347 -3.122145e+00
2.0022359634  0.742395169488  3.49158051055 -4.272513e+00
1.99562009835  0.755538539414  3.48772438113 -6.679233e+00
1.99888275053  0.76363653905  3.53275862183 -6.726388e+00
1.9971518671  0.751960746097  3.50759114603 -1.809131e+00
2.00466945464  0.747499506056  3.52967569696 -5.597840e+00
1.99460174521  0.772681453357  3.53520394676 -1.295606e+01
1.99303999255  0.749777820793  3.48162602521 -6.410262e+00
2.00272338327  0.733758781509  3.49774940529 -1.062196e+00
1.99356638578  0.773808675698  3.55136049966 -2.362382e+01
1.99191767253  0.748108703316  3.49453975731 -8.493689e+00
1.99973245743  0.739606588137  3.49984827133 -2.656149e-02
1.99969286283  0.756974410582  3.50784267953 -4.073869e+00
2.00245113104  0.762324009233  3.54567614415 -1.054827e+01
1.99476121525  0.751634730028  3.48747190376 -4.669932e+00
1.99882183816  0.762187700346  3.51609025142 -5.038118e+00
1.99805136277  0.756287302977  3.51633307057 -2.674663e+00
1.99540675411  0.750755912941  3.49760880264 -2.741440e+00
1.99456794552  0.745036935531  3.49069154607 -3.459640e+00
1.99552413444  0.766373321832  3.51665516497 -6.991442e+00
2.00195024108  0.728626091622  3.49323490303 -1.305892e+00
1.9981158428  0.748072253342  3.49887404872 -1.001558e+00
1.99620988555  0.761486624605  3.51273380159 -4.702636e+00
1.99933432441  0.767952986273  3.53300703496 -8.304629e+00
2.00042196711  0.746936281061  3.5092295624 -6.444109e-01
2.00282595301  0.747473135096  3.51144466783 -2.603554e+00
1.98841407944  0.755475940551  3.53205789833 -4.002134e+01
2.00378062313  0.742125918465  3.50891461351 -2.519616e+00
1.99743663111  0.756549508635  3.50513487557 -3.031063e+00
1.9758137158  0.737685077586  3.53376874 -1.999984e+02
1.99574044031  0.763973796566  3.51685790904 -5.957450e+00
1.99986766838  0.733371012146  3.48732760224 -8.247844e-01
1.9980755831  0.757271418287  3.5080427347 -3.122145e+00
2.00061888328  0.74776358929  3.5011457896 -1.766674e+00
1.99562009835  0.755538539414  3.48772438113 -6.679233e+00
1.99859809571  0.760915616599  3.53260203174 -6.400241e+00
1.9973807402  0.75257402864  3.5090880428 -1.833428e+00
2.00253704002  0.748249180474  3.52229340993 -2.767083e+00
1.99566721815  0.765219954069  3.52418873667 -7.272274e+00
1.99372751269  0.750836736991  3.48530219916 -5.355392e+00
2.00458811008  0.725820672912  3.49345957413 -3.503475e+00
1.99356638578  0.773808675698  3.55136049966 -2.362382e+01
1.99105124774  0.749112922793  3.49579781096 -1.079295e+01
1.99962115836  0.739323562242  3.49943105136 -4.967888e-02
1.99969286283  0.756974410582  3.50784267953 -4.073869e+00
2.00245113104  0.762324009233  3.54567614415 -1.054827e+01
1.99476121525  0.751634730028  3.48747190376 -4.669932e+00
1.99916534816  0.75236177576  3.50893091558 -1.511885e+00
1.99805136277  0.756287302977  3.51633307057 -2.674663e+00
1.99414486108  0.74868366437  3.48899826921 -4.065918e+00
1.99489496125  0.745913198564  3.49283032422 -3.014321e+00
1.99568126138  0.767732103134  3.51939719767 -7.554896e+00
2.00195024108  0.728626091622  3.49323490303 -1.305892e+00
1.99685697243  0.748227491754  3.49773150737 -1.424064e+00
1.99620988555  0.761486624605  3.51273380159 -4.702636e+00
1.99933432441  0.767952986273  3.53300703496 -8.304629e+00
2.00042196711  0.746936281061  3.5092295624 -6.444109e-01
2.00282595301  0.747473135096  3.51144466783 -2.603554e+00
1.98841407944  0.755475940551  3.53205789833 -4.002134e+01
2.00378062313  0.742125918465  3.50891461351 -2.519616e+00
1.99742977269  0.756061674294  3.50561997189 -2.777105e+00
1.98240166888  0.742521713593  3.51594475222 -8.525571e+01
1.99607770786  0.76183148061  3.51534336623 -4.969093e+00
1.99993187728  0.73163480118  3.48535254161 -1.134481e+00
1.9980755831  0.757271418287  3.5080427347 -3.122145e+00
2.00061888328  0.74776358929  3.5011457896 -1.766674e+00
1.99562009835  0.755538539414  3.48772438113 -6.679233e+00
1.99859809571  0.760915616599  3.53260203174 -6.400241e+00
1.9973807402  0.75257402864  3.5090880428 -1.833428e+00
2.00288311682  0.747827055953  3.5236649615 -3.142427e+00
1.99586414977  0.764072976159  3.52321853672 -6.650282e+00
1.99372751269  0.750836736991  3.48530219916 -5.355392e+00
2.00334146043  0.726759099509  3.49472300972 -2.227600e+00
1.99356638578  0.773808675698  3.55136049966 -2.362382e+01
1.99775644009  0.754222457737  3.4801798117 -1.186206e+01
1.99750573717  0.742372446224  3.50558961632 -1.834696e+00
1.99757362075  0.763401133621  3.50540627178 -7.138114e+00
2.00151219718  0.764019731098  3.54185959182 -9.372040e+00
1.99476121525  0.751634730028  3.48747190376 -4.669932e+00
1.99916534816  0.75236177576  3.50893091558 -1.511885e+00
1.99805136277  0.756287302977  3.51633307057 -2.674663e+00
1.99414486108  0.74868366437  3.48899826921 -4.065918e+00
1.99489496125  0.745913198564  3.49283032422 -3.014321e+00
1.99568126138  0.767732103134  3.51939719767 -7.554896e+00
2.00026443935  0.741089215212  3.49967755381 -8.749326e-02
1.99838140106  0.74812619385  3.50429187123 -7.106216e-01
1.99651989189  0.759167554872  3.50333259244 -4.430330e+00
1.99953286937  0.755885781818  3.51717318993 -2.589279e+00
2.00190080589  0.738387860575  3.51121458448 -1.109910e+00
2.00144626184  0.746150373846  3.50992627778 -9.814953e-01
1.98841407944  0.755475940551  3.53205789833 -4.002134e+01
2.00378062313  0.742125918465  3.50891461351 -2.519616e+00
1.99742977269  0.756061674294  3.50561997189 -2.777105e+00
1.98310879093  0.743494844694  3.51545358325 -7.683541e+01
1.99750033178  0.755046590558  3.4949402344 -4.659738e+00
1.99839253787  0.744707259608  3.49768164453 -4.752095e-01
1.99778996703  0.756736396979  3.50697124376 -2.944174e+00
2.00173386925  0.747605129715  3.5032378916 -2.523970e+00
1.99344739951  0.755519665126  3.50109145423 -5.675225e+00
1.99896534431  0.756546038845  3.52534574435 -3.864289e+00
1.9976602037  0.751331842074  3.50774857311 -1.456999e+00
2.00292054652  0.747589295102  3.5230498114 -3.043641e+00
1.99586414977  0.764072976159  3.52321853672 -6.650282e+00
1.99372751269  0.750836736991  3.48530219916 -5.355392e+00
2.00334146043  0.726759099509  3.49472300972 -2.227600e+00
1.99356638578  0.773808675698  3.55136049966 -2.362382e+01
1.99775644009  0.754222457737  3.4801798117 -1.186206e+01
1.99750573717  0.742372446224  3.50558961632 -1.834696e+00
1.99757362075  0.763401133621  3.50540627178 -7.138114e+00
2.00151219718  0.764019731098  3.54185959182 -9.372040e+00
1.99476121525  0.751634730028  3.48747190376 -4.669932e+00
2.00030461273  0.748320165981  3.50400016661 -1.230490e+00
1.99805136277  0.756287302977  3.51633307057 -2.674663e+00
1.99523607032  0.753367526719  3.49422014698 -3.786896e+00
1.99489496125  0.745913198564  3.49283032422 -3.014321e+00
1.99568126138  0.767732103134  3.51939719767 -7.554896e+00
1.99856477871  0.736929770887  3.48472149083 -1.282782e+00
1.99838140106  0.74812619385  3.50429187123 -7.106216e-01
1.99650424903  0.759275045558  3.5032720138 -4.494456e+00
1.99989070654  0.755469475081  3.51202021265 -2.783971e+00
2.00188806781  0.738444716368  3.51120143583 -1.098342e+00
2.00146151571  0.746227529916  3.509571545 -1.014159e+00
1.98841407944  0.755475940551  3.53205789833 -4.002134e+01
2.00381275721  0.743250327869  3.50995303094 -2.776199e+00
1.99742977269  0.756061674294  3.50561997189 -2.777105e+00
1.98310879093  0.743494844694  3.51545358325 -7.683541e+01
1.99750028369  0.755046309988  3.49493823681 -4.660212e+00
1.99845776467  0.744684769883  3.49777211749 -4.593403e-01
1.99788279579  0.757277983866  3.51082721023 -2.863296e+00
2.0019446419  0.746705811993  3.50223359988 -2.628272e+00
1.99344739951  0.755519665126  3.50109145423 -5.675225e+00
1.99796659089  0.755694787406  3.51700985998 -2.680039e+00
1.99772106942  0.750362776506  3.50619916037 -1.248206e+00
2.00396972842  0.744670019361  3.52357918082 -3.655715e+00
1.99587433135  0.763869268849  3.52343127454 -6.640135e+00
1.99372751269  0.750836736991  3.48530219916 -5.355392e+00
2.0016058372  0.735164244903  3.49478696141 -6.090524e-01
1.99356638578  0.773808675698  3.55136049966 -2.362382e+01
1.99775644009  0.754222457737  3.4801798117 -1.186206e+01
1.99750573717  0.742372446224  3.50558961632 -1.834696e+00
1.99757362075  0.763401133621  3.50540627178 -7.138114e+00
2.00126095401  0.760753368627  3.53398277455 -6.511619e+00
1.99476121525  0.751634730028  3.48747190376 -4.669932e+00
2.00003702534  0.747793438208  3.50309779274 -1.008240e+00
1.99805136277  0.756287302977  3.51633307057 -2.674663e+00
1.99523607032  0.753367526719  3.49422014698 -3.786896e+00
1.99489496125  0.745913198564  3.49283032422 -3.014321e+00
1.99568126138  0.767732103134  3.51939719767 -7.554896e+00
1.99856477871  0.736929770887  3.48472149083 -1.282782e+00
2.00224429031  0.745876348741  3.52005395971 -2.149455e+00
1.99522065984  0.757698139104  3.50235638394 -4.320645e+00
1.99863450315  0.750625353728  3.49188556873 -3.990828e+00
2.00095839997  0.740165298  3.50810601849 -4.567475e-01
2.00265173342  0.743003398356  3.50703838203 -1.495453e+00
1.98841407944  0.755475940551  3.53205789833 -4.002134e+01
2.00401619514  0.74399571779  3.51135106698 -3.167904e+00
1.99742977269  0.756061674294  3.50561997189 -2.777105e+00
1.98310879093  0.743494844694  3.51545358325 -7.683541e+01
1.99817234665  0.751791694145  3.49491347362 -3.255186e+00
2.00069762168  0.735680400922  3.494600116 -2.622798e-01
1.99788279579  0.757277983866  3.51082721023 -2.863296e+00
1.99682266644  0.750025731871  3.51352354627 -3.012117e+00
1.99437313846  0.755674017413  3.50415615243 -4.686597e+00
1.99859183294  0.75622768991  3.52222831066 -3.317000e+00
1.99963613071  0.74804716971  3.51543077127 -1.336068e+00
2.00396972842  0.744670019361  3.52357918082 -3.655715e+00
1.99587433135  0.763869268849  3.52343127454 -6.640135e+00
1.99393674287  0.751798204457  3.48769195034 -5.040333e+00
2.0016058372  0.735164244903  3.49478696141 -6.090524e-01
1.99356638578  0.773808675698  3.55136049966 -2.362382e+01
1.99775644009  0.754222457737  3.4801798117 -1.186206e+01
1.99750573717  0.742372446224  3.50558961632 -1.834696e+00
1.99751580838  0.760451413458  3.50549215761 -5.027154e+00
2.00113434528  0.752137951314  3.52315421969 -2.782220e+00
1.99476121525  0.751634730028  3.48747190376 -4.669932e+00
2.00113498955  0.746921416586  3.50881595419 -9.754488e-01
1.99805136277  0.756287302977  3.51633307057 -2.674663e+00
1.99453367279  0.751184949432  3.49074718993 -3.992467e+00
1.99321148711  0.745155477234  3.48480545432 -5.491695e+00
1.99568126138  0.767732103134  3.51939719767 -7.554896e+00
1.99811801718  0.74694775222  3.49356781827 -1.528700e+00
2.00224429031  0.745876348741  3.52005395971 -2.149455e+00
1.99522065984  0.757698139104  3.50235638394 -4.320645e+00
1.99842604229  0.750679678492  3.4916480247 -3.921818e+00
2.00095839997  0.740165298  3.50810601849 -4.567475e-01
2.00225504198  0.743666887904  3.50814236993 -1.170150e+00
1.99071801428  0.763673711505  3.54068936021 -2.936846e+01
2.00401619514  0.74399571779  3.51135106698 -3.167904e+00
1.99803668167  0.753857102431  3.50831865551 -1.861596e+00
1.98310879093  0.743494844694  3.51545358325 -7.683541e+01
1.99810319826  0.751701218305  3.49586692657 -2.893751e+00
2.00069762168  0.735680400922  3.494600116 -2.622798e-01
1.99704282969  0.755749839812  3.50579110483 -2.683955e+00
1.99682266644  0.750025731871  3.51352354627 -3.012117e+00
1.99437313846  0.755674017413  3.50415615243 -4.686597e+00
1.99832576982  0.756257036282  3.51932619683 -2.929343e+00
2.00027232874  0.747458702173  3.51483820011 -1.110605e+00
2.00389507047  0.744729313955  3.5231903647 -3.535547e+00
1.99587433135  0.763869268849  3.52343127454 -6.640135e+00
1.99393674287  0.751798204457  3.48769195034 -5.040333e+00
2.00260693088  0.731631290713  3.49360019703 -1.337279e+00
1.99656778988  0.763396514893  3.53643125527 -1.003618e+01
1.99775644009  0.754222457737  3.4801798117 -1.186206e+01
1.99750573717  0.742372446224  3.50558961632 -1.834696e+00
1.99871196167  0.756215102878  3.50616105483 -3.188299e+00
2.00113434528  0.752137951314  3.52315421969 -2.782220e+00
1.99476121525  0.751634730028  3.48747190376 -4.669932e+00
2.00113498955  0.746921416586  3.50881595419 -9.754488e-01
1.99805136277  0.756287302977  3.51633307057 -2.674663e+00
1.99453367279  0.751184949432  3.49074718993 -3.992467e+00
1.99562338614  0.750390979643  3.50108545876 -2.551124e+00
1.99565579386  0.76824164289  3.5188650696 -7.791448e+00
1.99811801718  0.74694775222  3.49356781827 -1.528700e+00
2.00224429031  0.745876348741  3.52005395971 -2.149455e+00
1.99576850866  0.756947227051  3.49756519234 -4.445531e+00
1.99842811833  0.750564204593  3.49107497441 -4.068561e+00
2.00256226453  0.728706397287  3.50949464257 -3.917611e+00
2.00259885428  0.745429965219  3.51113192476 -1.748208e+00
1.99071801428  0.763673711505  3.54068936021 -2.936846e+01
2.00401619514  0.74399571779  3.51135106698 -3.167904e+00
1.99832496628  0.753697109333  3.50969932988 -1.773094e+00
1.99066121445  0.747116170313  3.5186800287 -2.562840e+01
1.99859323537  0.749025959304  3.48980664849 -3.810281e+00
2.00069762168  0.735680400922  3.494600116 -2.622798e-01
1.99769973347  0.755132594875  3.51003150649 -2.231508e+00
1.99651791815  0.752026678873  3.50891011816 -2.443808e+00
1.99383598725  0.755183892221  3.50669335878 -5.674719e+00
1.99832576982  0.756257036282  3.51932619683 -2.929343e+00
1.99956044581  0.748079466136  3.5159722664 -1.464413e+00
2.00229329369  0.745018210183  3.52264445039 -2.751598e+00
1.99587433135  0.763869268849  3.52343127454 -6.640135e+00
1.99393674287  0.751798204457  3.48769195034 -5.040333e+00
2.00300626347  0.730152955762  3.49336865943 -1.706308e+00
1.99656778988  0.763396514893  3.53643125527 -1.003618e+01
1.99775644009  0.754222457737  3.4801798117 -1.186206e+01
1.99750573717  0.742372446224  3.50558961632 -1.834696e+00
1.99649565892  0.753710243547  3.50960742266 -2.645890e+00
2.00035755024  0.751891707621  3.52004352632 -2.153978e+00
1.9953449727  0.751464306325  3.48804549933 -4.369342e+00
2.00135954264  0.746197991422  3.50819209399 -9.897354e-01
1.99800003231  0.756687022684  3.51675463274 -2.810577e+00
1.99444517984  0.75107104917  3.4898965225 -4.135795e+00
1.99716388647  0.749486526166  3.50691039766 -1.579692e+00
1.99692010201  0.762566597098  3.51908342622 -4.967574e+00
1.99824969345  0.744298507754  3.49844335615 -4.236142e-01
2.00247984595  0.745438283085  3.52214685052 -2.636279e+00
1.99590881633  0.756322633157  3.49988880737 -3.752807e+00
1.99842811833  0.750564204593  3.49107497441 -4.068561e+00
2.00256226453  0.728706397287  3.50949464257 -3.917611e+00
2.00259885428  0.745429965219  3.51113192476 -1.748208e+00
1.99071801428  0.763673711505  3.54068936021 -2.936846e+01
2.00401619514  0.74399571779  3.51135106698 -3.167904e+00
1.99832454382  0.752351255845  3.50463811028 -1.641056e+00
1.99066121445  0.747116170313  3.5186800287 -2.562840e+01
1.99862529744  0.748798478533  3.48906859759 -3.994142e+00
2.00041817562  0.734980195702  3.49318957404 -3.120087e-01
1.99754849623  0.758111934221  3.51321821082 -3.130382e+00
1.99633040279  0.747112517248  3.5041668859 -2.125114e+00
1.99383598725  0.755183892221  3.50669335878 -5.674719e+00
1.99832626273  0.757827321491  3.52523141486 -4.256356e+00
2.00034536896  0.747620416148  3.51997351583 -2.094479e+00
2.00229329369  0.745018210183  3.52264445039 -2.751598e+00
1.99587433135  0.763869268849  3.52343127454 -6.640135e+00
1.99393674287  0.751798204457  3.48769195034 -5.040333e+00
2.00365059634  0.726737857465  3.49035874023 -2.764306e+00
1.99656778988  0.763396514893  3.53643125527 -1.003618e+01
1.99775644009  0.754222457737  3.4801798117 -1.186206e+01
1.99746577959  0.742017579005  3.50621839105 -2.134491e+00
1.99807686832  0.750983469891  3.50110100614 -1.550307e+00
1.99951612255  0.748860605773  3.51142103292 -8.813646e-01
1.99625698836  0.750665751863  3.49110041597 -3.188342e+00
